# This is CartPole simulation from 19.02.2022 at time 08:52:00
# Done with git-revision: 4096a3a4fd3a693e1960c42779e794d9629bfee5
#
#
# Time intervals dt:
# Simulation: 0.002 s
# Controller update: 0.02 s
# Saving: 0.02 s
#
# Units:
# time: s
# deltaTimeMs: ms
# angle_raw
# angle: rad
# angleD: rad/s
# angle_cos:
# angle_sin:
# position_raw
# position: m
# positionD: m/s
# angleTarget: rad
# angleErr: rad
# target_position: m
# positionErr: m
# angleCmd:
# positionCmd:
# actualMotorSave:
# Q: normed motor power
# stickControl
# stickPos
# measurement
# angle_squared
# position_squared
# Q_squared
# sent
# latency
# pythonLatency
# additionalLatency
# invalid_steps
# frozen
# angleD fitted
#
#
time,deltaTimeMs,angle_raw,angleD_raw,angle,angleD,angle_cos,angle_sin,position_raw,position,positionD,angleTarget,angleErr,target_position,positionErr,angleCmd,positionCmd,actualMotorSave,Q,stickControl,stickPos,measurement,angle_squared,position_squared,Q_squared,sent,latency,pythonLatency,additionalLatency,invalid_steps,frozen,fitted,angle_raw_sensor,angleD_raw_sensor,angleD_fitted
21997.96006345749,40.000000000020464,2046,7.0,-1.9929085983755774,0.26844663787984985,-0.409688233794341,-0.9122256031763597,1480,-0.12704291845493562,0.0,NA,NA,0.0,NA,NA,NA,1111,-0.17861456,False,0.0," Step Response (State:idle, Speed:-0.5, Q:0.0)",3.9716846814793088,0.016139903129547422,0.03190315989707315,210.343522,0.02347,0.022181987762451172,0.0,0,0,0,2046,7.0,8.333333333333357
21998.000180482864,39.99999999999204,2017,-29.0,-2.037394041224261,-1.1121360712173112,-0.44985030010831806,-0.8931039735061401,1473,-0.1264480686695279,0.014871244635195947,NA,NA,0.0,NA,NA,NA,-2806,0.6516014,False,0.0," Step Response (State:idle, Speed:-0.5, Q:0.0)",4.150974479216125,0.015989114070253645,0.4245843507932854,210.383522,0.02626,0.024230241775512695,0.0,1,0,0,2017,-29.0,-3.749999999999986
21998.02050757408,20.000000000010232,1985,-32.0,-2.086481426436601,-2.45436926061577,-0.49313097063324335,-0.8699550826349113,1442,-0.12381373390557941,0.1317167381973571,NA,NA,0.0,NA,NA,NA,-2908,0.58260226,False,0.0," Step Response (State:idle, Speed:-0.5, Q:0.0)",4.353404742864914,0.015329840703641625,0.339425396266563,210.403522,0.01771,0.015496015548706055,0.0,2,0,0,1985,-32.0,-37.60000000000001
21998.040398597717,19.99999999998181,1941,-44.0,-2.1539765811035694,-3.3747577333514798,-0.550681324894656,-0.8347155673714647,1394,-0.11973476394849786,0.20394849785426322,NA,NA,0.0,NA,NA,NA,-2094,0.39363378,False,0.0," Step Response (State:idle, Speed:-0.5, Q:0.0)",4.639615111942621,0.014336413697802503,0.15494755501152113,210.423522,0.0171,0.014911651611328125,0.0,1,0,0,1941,-44.0,-55.116666666666674
21998.060993433,20.000000000010232,1886,-55.0,-2.2383455244372796,-4.218447166683355,-0.619063132018739,-0.7853412242937139,1339,-0.1150609442060086,0.23369098712434347,NA,NA,0.0,NA,NA,NA,-1425,0.23841277,False,0.0," Step Response (State:idle, Speed:-0.5, Q:0.0)",5.0101906867684,0.013239020881578224,0.056840647777911535,210.443522,0.01654,0.014617681503295898,0.0,2,0,0,1886,-55.0,-67.71666666666673
21998.081099271774,20.000000000010232,1822,-64.0,-2.336520294861961,-4.90873852123154,-0.6930590748190888,-0.72088079375921,1285,-0.11047210300429185,0.22944206008572016,NA,NA,0.0,NA,NA,NA,-264,-0.031260163,False,0.0," Step Response (State:idle, Speed:-0.5, Q:0.0)",5.459327088301825,0.012204085542190869,0.0009771977652741626,210.463522,0.0169,0.014734983444213867,0.0,1,0,0,1822,-64.0,-77.16666666666666
21998.101582050323,19.99999999998181,1754,-68.0,-2.4408309884381842,-5.215534678815924,-0.7643512873141197,-0.6448000539556801,1244,-0.10698798283261803,0.1742060085838495,NA,NA,0.0,NA,NA,NA,-607,0.04842112,False,0.0," Step Response (State:idle, Speed:-0.5, Q:0.0)",5.9576559141201235,0.01144642847059257,0.0023446047079243165,210.483522,0.01636,0.014352798461914062,0.0,3,0,0,1754,-68.0,-81.73333333333332
21998.121819734573,20.000000000010232,1678,-76.0,-2.5574135283174932,-5.829126993962454,-0.8341650914614286,-0.5515148231798911,1212,-0.104268669527897,0.1359656652359818,NA,NA,0.0,NA,NA,NA,-1090,0.1605813,False,0.0," Step Response (State:idle, Speed:-0.5, Q:0.0)",6.54036395482133,0.010871955445117796,0.025786355715604836,210.503522,0.01678,0.014705896377563477,0.0,2,0,0,1678,-76.0,-79.06666666666666
21998.14214348793,20.000000000010232,1597,-81.0,-2.68166597213623,-6.2126221909336685,-0.896085044746978,-0.44388240850568333,1184,-0.1018892703862661,0.11896995708148372,NA,NA,0.0,NA,NA,NA,-1226,0.19215655,False,0.0," Step Response (State:idle, Speed:-0.5, Q:0.0)",7.191332386113351,0.010381423419845643,0.03692414096400398,210.523522,0.01625,0.014154195785522461,0.0,1,0,0,1597,-81.0,-78.78333333333336
21998.162444591522,19.99999999998181,1515,-82.0,-2.8074523967428524,-6.289321230336848,-0.9446926176062248,-0.3279570981703235,1156,-0.0995098712446352,0.11896995708165349,NA,NA,0.0,NA,NA,NA,-1807,0.3269429,False,0.0," Step Response (State:idle, Speed:-0.5, Q:0.0)",7.881788959977186,0.009902214475123875,0.10689165389860111,210.543522,0.01684,0.014793634414672852,0.0,1,0,0,1515,-82.0,-78.85000000000001
21998.18275809288,20.000000000010232,1423,-92.0,-2.9485786292283316,-7.056311624270339,-0.9814305502405717,-0.1918178173540946,1123,-0.09670557939914164,0.1402145922746065,NA,NA,0.0,NA,NA,NA,-2264,0.43318394,False,0.0," Step Response (State:idle, Speed:-0.5, Q:0.0)",8.694115932742028,0.009351969086923687,0.1876483243706426,210.563522,0.01629,0.01421356201171875,0.0,1,0,0,1423,-92.0,-80.43333333333334
21998.20300102234,19.99999999998181,1325,-98.0,-3.0989087464411242,-7.516505860646477,-0.999089180334265,-0.0426709472475901,1082,-0.09322145922746781,0.1742060085838495,NA,NA,0.0,NA,NA,NA,-4524,0.957854,False,0.0," Step Response (State:idle, Speed:-0.5, Q:0.0)",9.6032354187693,0.008690240460498445,0.9174842334229858,210.583522,0.0169,0.015152215957641602,0.0,1,0,0,1325,-98.0,-93.6
21998.223349571228,20.000000000010232,1226,-99.0,3.0324124627377835,-7.59320490003004,-0.9940457611894062,0.10896340973636015,1020,-0.08795278969957082,0.2634334763947149,NA,NA,0.0,NA,NA,NA,-4609,0.9774946,False,0.0," Step Response (State:idle, Speed:-0.5, Q:0.0)",9.195525344167429,0.007735693215936931,0.9554956880146079,210.603522,0.01588,0.014064550399780273,0.0,1,0,0,1226,-99.0,-98.66666666666669
21998.24343109131,20.000000000010232,1118,-108.0,2.866742537646134,-8.283496254578225,-0.9624658873739317,0.27140268171392545,936,-0.08081459227467812,0.35690987124445256,NA,NA,0.0,NA,NA,NA,-4633,0.9831255,False,0.0," Step Response (State:idle, Speed:-0.5, Q:0.0)",8.218212777149796,0.006530998324522464,0.9665357641490893,210.623522,0.01646,0.014601707458496094,0.0,1,0,0,1118,-108.0,-102.83333333333333
21998.263607263565,19.99999999998181,1009,-109.0,2.699538631766599,-8.360195293984347,-0.9038748663030332,0.42779694489988357,837,-0.07240171673819742,0.4206437768244172,NA,NA,0.0,NA,NA,NA,-4574,0.96937287,False,0.0," Step Response (State:idle, Speed:-0.5, Q:0.0)",7.287508824400281,0.0052420085866381775,0.9396837582574022,210.643522,0.01596,0.014196634292602539,0.0,1,0,0,1009,-109.0,-111.50000000000013
21998.28392481804,20.000000000010232,899,-110.0,2.5308007450991785,-8.43689433336671,-0.8191941022788126,0.5735163666292448,729,-0.06322403433476395,0.4588841201714389,NA,NA,0.0,NA,NA,NA,-4497,0.95157087,False,0.0," Step Response (State:idle, Speed:-0.5, Q:0.0)",6.404952411394557,0.003997278517563411,0.9054871177628598,210.663522,0.01545,0.013629436492919922,0.0,1,0,0,899,-110.0,-114.90000000000009
21998.30420899391,20.000000000010232,796,-103.0,2.3728007239469577,-7.90000105760701,-0.7187511258811955,0.6952674442576137,618,-0.05379141630901288,0.4716309012873123,NA,NA,0.0,NA,NA,NA,-4125,0.86505127,False,0.0," Step Response (State:idle, Speed:-0.5, Q:0.0)",5.630183275563207,0.002893516468529537,0.7483136989176273,210.683522,0.01629,0.014498710632324219,0.0,1,0,0,796,-103.0,-114.5
21998.324470996857,19.99999999998181,700,-96.0,2.2255385683099362,-7.363107781857774,-0.6089548082631315,0.7932049177187523,506,-0.04427381974248927,0.47587982832661324,NA,NA,0.0,NA,NA,NA,-3918,0.81710494,False,0.0," Step Response (State:idle, Speed:-0.5, Q:0.0)",4.953021919035041,0.0019601711145904328,0.6676604758571472,210.703522,0.01616,0.014467000961303711,0.0,1,0,0,700,-96.0,-106.54999999999998
21998.344858169556,20.000000000010232,608,-92.0,2.0844123358244566,-7.056311624270339,-0.4913299004431385,0.8709735523714458,396,-0.03492618025751073,0.46738197424868794,NA,NA,0.0,NA,NA,NA,-2910,0.5830454,False,0.0," Step Response (State:idle, Speed:-0.5, Q:0.0)",4.344774785737167,0.0012198380673801323,0.33994196531722665,210.723522,0.01574,0.014005899429321289,0.0,1,0,0,608,-92.0,-93.35
21998.36512851715,20.000000000010232,525,-83.0,1.9570919304299483,-6.366020269722155,-0.3767595846252692,0.9263110791699485,290,-0.02591845493562232,0.4503862660941901,NA,NA,0.0,NA,NA,NA,-1157,0.1761686,False,0.0," Step Response (State:idle, Speed:-0.5, Q:0.0)",3.8302088241540218,0.000671766306249885,0.031035377629079486,210.743522,0.01627,0.014413118362426758,0.0,1,0,0,525,-83.0,-81.79999999999993
21998.38526201248,19.99999999998181,454,-71.0,1.848179294490068,-5.445631796998979,-0.2738395919464955,0.9617753780808578,202,-0.018440343347639485,0.3739055793994818,NA,NA,0.0,NA,NA,NA,442,-0.19518696,False,0.0," Step Response (State:idle, Speed:-0.5, Q:0.0)",3.415766704581805,0.0003400462627788318,0.03809794846279524,210.763522,0.01581,0.013953685760498047,0.0,2,0,0,454,-71.0,-71.10000000000002
21998.405490398407,20.000000000010232,394,-60.0,1.7561404472169295,-4.601942363654569,-0.18428477106739394,0.9828728926736346,144,-0.01351158798283262,0.24643776824021718,NA,NA,0.0,NA,NA,NA,1794,-0.50913817,False,0.0," Step Response (State:idle, Speed:-0.5, Q:0.0)",3.084029270351277,0.00018256300981782684,0.25922167299882304,210.783522,0.01638,0.014748334884643555,0.0,1,0,0,394,-60.0,-56.78333333333328
21998.42592549324,19.99999999998181,345,-49.0,1.6809753886105332,-3.7582529303232386,-0.1099562786598687,0.9939364249202628,122,-0.01164206008583691,0.0934763948498705,NA,NA,0.0,NA,NA,NA,2714,-0.7228206,False,0.0," Step Response (State:idle, Speed:-0.5, Q:0.0)",2.8256782571143333,0.0001355375630422369,0.5224695908796981,210.803522,0.01527,0.01350712776184082,0.0,0,0,0,345,-49.0,-42.90000000000009
21998.44616675377,20.000000000010232,311,-34.0,1.6288200418224212,-2.607767339404256,-0.05799116193626144,0.9983170964865233,136,-0.01283175965665236,-0.059484978540742126,NA,NA,0.0,NA,NA,NA,2497,-0.67241865,False,0.0," Step Response (State:idle, Speed:-0.5, Q:0.0)",2.653054728642394,0.0001646540558860911,0.4521468462000975,210.823522,0.01598,0.014136791229248047,0.0,1,0,0,311,-34.0,-32.75000000000003
21998.466522932053,20.000000000010232,289,-22.0,1.5950724644889371,-1.6873788666733418,-0.024273753318111376,0.9997053490403317,172,-0.01589098712446352,-0.15296137339047977,NA,NA,0.0,NA,NA,NA,1947,-0.37248147,False,0.0," Step Response (State:idle, Speed:-0.5, Q:0.0)",2.5442561669708117,0.0002525234717898654,0.13874244202158081,210.843522,0.01524,0.013470649719238281,0.0,1,0,0,289,-22.0,-18.33333333333333
21998.48677110672,19.99999999998181,277,-12.0,1.5766646950343093,-0.9203884727322218,-0.005868334557241718,0.9999827811765182,216,-0.019630042918454937,-0.18695278969974083,NA,NA,0.0,NA,NA,NA,136,0.04780034,False,0.0," Step Response (State:idle, Speed:-0.5, Q:0.0)",2.4858715605676314,0.00038533858498038286,0.0022848724810181076,210.863522,0.0159,0.014081954956054688,0.0,1,0,0,277,-12.0,-5.483333333333363
21998.50715637207,20.000000000010232,277,0.0,1.5766646950343093,0.0,-0.005868334557241718,0.9999827811765182,252,-0.022689270386266096,-0.1529613733904797,NA,NA,0.0,NA,NA,NA,-1857,0.51064146,False,0.0," Step Response (State:idle, Speed:-0.5, Q:0.0)",2.4858715605676314,0.0005148029906610916,0.2607546962286875,210.883522,0.01612,0.014338016510009766,0.0,2,0,0,277,0.0,5.79999999999994
21998.527436494827,20.000000000010232,286,9.0,1.5904705221252806,0.6902913545481854,-0.019672926126825748,0.9998064692617309,262,-0.023539055793991417,-0.04248927038624431,NA,NA,0.0,NA,NA,NA,-3747,0.94946885,False,0.0," Step Response (State:idle, Speed:-0.5, Q:0.0)",2.5295964817494627,0.0005540871476726409,0.9014910991891725,210.903522,0.01532,0.013504743576049805,0.0,1,0,0,286,9.0,15.799999999999997
21998.547629117966,19.99999999998181,303,17.0,1.6165481955193357,1.303883669703981,-0.04573590883759824,0.9989535658091415,237,-0.021414592274678113,0.10622317596576182,NA,NA,0.0,NA,NA,NA,-3923,0.99038535,False,0.0," Step Response (State:idle, Speed:-0.5, Q:0.0)",2.6132280684368205,0.00045858476229070354,0.980863148556498,210.923522,0.01563,0.013744354248046875,0.0,0,0,0,303,17.0,22.14999999999999
21998.567905664444,20.000000000010232,327,24.0,1.6533637344285914,1.8407769454618277,-0.08247362408570681,0.9965932476844149,182,-0.016740772532188843,0.23369098712434397,NA,NA,0.0,NA,NA,NA,-4705,0.99977875,False,0.0," Step Response (State:idle, Speed:-0.5, Q:0.0)",2.7336116383236577,0.00028025346497448844,0.9995575440698303,210.943522,0.01539,0.013559818267822266,0.0,1,0,0,327,24.0,27.849999999999937
21998.58826994896,20.000000000010232,360,33.0,1.7039851004288176,2.531068300010013,-0.13279534460692463,0.991143479245426,102,-0.009942489270386266,0.3399141630899549,NA,NA,0.0,NA,NA,NA,-4704,0.9994685,False,0.0," Step Response (State:idle, Speed:-0.5, Q:0.0)",2.9035652224834076,9.885309289174602e-05,0.9989372932516041,210.963522,0.01487,0.013039588928222656,0.0,1,0,0,360,33.0,32.566666666666634
21998.60831451416,19.99999999998181,399,39.0,1.7638103511563576,2.991262536379721,-0.19181781735409398,0.9814305502405718,5,-0.001699570815450644,0.41214592274715595,NA,NA,0.0,NA,NA,NA,-4706,0.9999198,False,0.0," Step Response (State:idle, Speed:-0.5, Q:0.0)",3.111026954846314,2.888540956731567e-06,0.9998395507327729,210.983522,0.01584,0.01395869255065918,0.0,1,0,0,399,39.0,38.533333333333296
21998.628677129745,20.000000000010232,448,49.0,1.838975409762754,3.758252930317898,-0.26497604861260937,0.9642549941077039,-103,0.007478111587982833,0.4588841201714391,NA,NA,0.0,NA,NA,NA,-4705,0.99973565,False,0.0," Step Response (State:idle, Speed:-0.5, Q:0.0)",3.381830557712089,5.592215292232313e-05,0.999471376679967,211.003522,0.01462,0.012993574142456055,0.0,0,0,0,448,49.0,43.8166666666667
21998.64892101288,20.000000000010232,507,59.0,1.9294802762480066,4.525243324260327,-0.35104224103648896,0.9363596237600592,-217,0.017165665236051505,0.4843776824031858,NA,NA,0.0,NA,NA,NA,-4704,0.99944925,False,0.0," Step Response (State:idle, Speed:-0.5, Q:0.0)",3.722894136430084,0.0002946600629961872,0.9988988094867182,211.023522,0.01562,0.013805150985717773,0.0,2,0,0,507,59.0,53.5166666666667
21998.669246435165,19.99999999998181,575,68.0,2.0337909698242305,5.215534678815924,-0.4466294696837666,0.8947190155629853,-334,0.02710815450643777,0.49712446351976536,NA,NA,0.0,NA,NA,NA,-4703,0.99936646,False,0.0," Step Response (State:idle, Speed:-0.5, Q:0.0)",4.1363057089385835,0.0007348520407449023,0.9987333258314699,211.043522,0.01521,0.013405799865722656,0.0,1,0,0,575,68.0,64.51666666666668
21998.689337730408,20.000000000010232,651,76.0,2.150373509703539,5.829126993962454,-0.5476702171114499,0.8366942890262233,-453,0.0372206008583691,0.5056223175963077,NA,NA,0.0,NA,NA,NA,-4692,0.9966833,False,0.0," Step Response (State:idle, Speed:-0.5, Q:0.0)",4.624106231234716,0.0013853731282580265,0.9933775995848784,211.063522,0.0151,0.01323843002319336,0.0,0,0,0,651,76.0,75.53333333333333
21998.709542036057,19.99999999998181,733,82.0,2.2761599343101624,6.289321230336848,-0.6483107143750254,0.7613758714501953,-573,0.04741802575107296,0.509871244635657,NA,NA,0.0,NA,NA,NA,-4649,0.98677087,False,0.0," Step Response (State:idle, Speed:-0.5, Q:0.0)",5.180904046558843,0.0022484691661294187,0.9737167465282823,211.083522,0.01488,0.013169527053833008,0.0,1,0,0,733,82.0,85.91666666666666
21998.729996681213,20.000000000010232,822,89.0,2.412684224431984,6.826214506087611,-0.7459018937017938,0.6660558272187684,-692,0.0575304721030043,0.505622317596308,NA,NA,0.0,NA,NA,NA,-4430,0.9358517,False,0.0," Step Response (State:idle, Speed:-0.5, Q:0.0)",5.821045166822965,0.003309755220394556,0.8758183915780506,211.103522,0.01425,0.012554645538330078,0.0,1,0,0,822,89.0,92.53333333333336
21998.750294923782,20.000000000010232,919,97.0,2.5614803608568915,7.439806821241553,-0.8364011055360044,0.5481178620134082,-812,0.06772789699570816,0.5098712446349325,NA,NA,0.0,NA,NA,NA,-4101,0.8594822,False,0.0," Step Response (State:idle, Speed:-0.5, Q:0.0)",6.561181639055551,0.004587068031461255,0.7387097015472968,211.123522,0.01521,0.01338958740234375,0.0,2,0,0,919,97.0,97.9666666666667
21998.77061533928,19.99999999998181,1017,98.0,2.711810478069684,7.516505860646477,-0.9090565327758099,0.4166727975493754,-929,0.07767038626609442,0.4971244635197648,NA,NA,0.0,NA,NA,NA,-691,0.06797945,False,0.0," Step Response (State:idle, Speed:-0.5, Q:0.0)",7.353916068968529,0.006032688902724308,0.004621205288335928,211.143522,0.01476,0.012999296188354492,0.0,2,0,0,1017,98.0,103.89999999999998
21998.790948152542,20.000000000010232,1123,106.0,2.8744124415855623,8.130098175789739,-0.9645191899053136,0.26401275026861426,-1023,0.08565836909871245,0.3993991416306974,NA,NA,0.0,NA,NA,NA,3817,-0.9786966,False,0.0," Step Response (State:idle, Speed:-0.5, Q:0.0)",8.262246884341874,0.007337356196651257,0.9578470049064549,211.163522,0.01472,0.012926578521728516,0.0,2,0,0,1123,106.0,104.68333333333337
21998.81109046936,20.000000000010232,1242,119.0,3.0569561553439537,9.127185687914896,-0.9964204691299943,0.08453548780696829,-1061,0.08888755364806868,0.16145922746772856,NA,NA,0.0,NA,NA,NA,3876,-0.9925652,False,0.0," Step Response (State:idle, Speed:-0.5, Q:0.0)",9.344980935695286,0.007900997193538288,0.9851857053013227,211.183522,0.01557,0.013729572296142578,0.0,3,0,0,1242,119.0,108.55000000000007
21998.83152461052,19.99999999998181,1369,127.0,-3.031413591774156,9.740778003082681,-0.9939364249202628,-0.10995627865986933,-1041,0.08718798283261803,-0.08497854077260973,NA,NA,0.0,NA,NA,NA,3880,-0.99333143,False,0.0," Step Response (State:idle, Speed:-0.5, Q:0.0)",9.18946836439309,0.007601744350420896,0.9867073344796609,211.203522,0.0146,0.012819051742553711,0.0,1,0,0,1369,127.0,121.01666666666674
21998.851843357086,20.000000000010232,1507,138.0,-2.819724243045938,10.58446743640551,-0.9486460220758162,-0.31633957197879964,-989,0.08276909871244635,-0.22094420600847078,NA,NA,0.0,NA,NA,NA,4636,-0.9967238,False,0.0," Step Response (State:idle, Speed:-0.5, Q:0.0)",7.950844806820988,0.006850723701670688,0.9934582758663879,211.223522,0.01454,0.012680768966674805,0.0,2,0,0,1507,138.0,133.26666666666668
21998.871955156326,20.000000000010232,1645,138.0,-2.6080348943177194,10.58446743640551,-0.8610030478273686,-0.5085997951552695,-913,0.0763107296137339,-0.3229184549354571,NA,NA,0.0,NA,NA,NA,4581,-0.98416126,False,0.0," Step Response (State:idle, Speed:-0.5, Q:0.0)",6.801846009978838,0.005823327454180405,0.9685733812439281,211.243522,0.01536,0.01341557502746582,0.0,2,0,0,1645,138.0,147.13333333333333
21998.892358779907,19.99999999998181,1780,135.0,-2.400947487953158,10.354370318237494,-0.7380333776803953,-0.6747642058005647,-820,0.06840772532188842,-0.39515021459263355,NA,NA,0.0,NA,NA,NA,4567,-0.9808805,False,0.0," Step Response (State:idle, Speed:-0.5, Q:0.0)",5.764548839908579,0.004679616883714935,0.9621265530950609,211.263522,0.01468,0.01291656494140625,0.0,3,0,0,1780,135.0,151.13333333333338
21998.91250038147,20.000000000010232,1910,130.0,-2.2015299855280244,9.970875121251566,-0.58973741577208,-0.8075950596917175,-717,0.0596549356223176,-0.4376394849783172,NA,NA,0.0,NA,NA,NA,4397,-0.9414276,False,0.0," Step Response (State:idle, Speed:-0.5, Q:0.0)",4.846734277179023,0.0035587113441028573,0.8862859043189388,211.283522,0.01554,0.01377248764038086,0.0,1,0,0,1910,130.0,145.89999999999998
21998.932912826538,19.99999999998181,2028,118.0,-2.0205202525575188,9.050486648533514,-0.4347169272914263,-0.9005671508145857,-608,0.05039227467811159,-0.46313304721072174,NA,NA,0.0,NA,NA,NA,3776,-0.79709864,False,0.0," Step Response (State:idle, Speed:-0.5, Q:0.0)",4.082502090995099,0.0025393813472342464,0.6353662365129367,211.303522,0.01517,0.013494253158569336,0.0,2,0,0,2028,118.0,134.5
21998.953063726425,20.000000000010232,2138,110.0,-1.8517823658900983,8.43689433336671,-0.27730315229881347,-0.960782473677128,-500,0.041214592274678115,-0.4588841201714389,NA,NA,0.0,NA,NA,NA,4061,-0.8633176,False,0.0," Step Response (State:idle, Speed:-0.5, Q:0.0)",3.4290979306215297,0.0016986426163679569,0.7453172937216692,211.323522,0.01492,0.013124942779541016,0.0,2,0,0,2138,110.0,114.30000000000005
21998.97357058525,20.000000000010232,2238,100.0,-1.698384287101534,7.669903939424282,-0.1272420811913852,-0.9918716916890434,-392,0.032036909871244634,-0.45888412017143926,NA,NA,0.0,NA,NA,NA,3584,-0.7526816,False,0.0," Step Response (State:idle, Speed:-0.5, Q:0.0)",2.884509186673386,0.001026363594098252,0.5665296105007798,211.343522,0.01425,0.012442350387573242,0.0,1,0,0,2238,100.0,94.0166666666668
21998.993590831757,19.99999999998181,2326,88.0,-1.5633939777675976,6.7495154667029595,0.007402281425814124,-0.9999726027395416,-285,0.02294420600858369,-0.4546351931334606,NA,NA,0.0,NA,NA,NA,3258,-0.67697287,False,0.0," Step Response (State:idle, Speed:-0.5, Q:0.0)",2.4442007297199915,0.000526436589364328,0.45829226137925616,211.363522,0.01563,0.013800859451293945,0.0,1,0,0,2326,88.0,78.5499999999999
21999.014014720917,20.000000000010232,2404,78.0,-1.4437434763125179,5.982525072750939,0.12671130271267933,-0.9919396381659802,-182,0.014191416309012876,-0.43763948497831684,NA,NA,0.0,NA,NA,NA,3371,-0.7032394,False,0.0," Step Response (State:idle, Speed:-0.5, Q:0.0)",2.084395225394954,0.00020139629685571664,0.4945456274299467,211.383522,0.01472,0.012994527816772461,0.0,2,0,0,2404,78.0,66.20000000000005
21999.034232378006,20.000000000010232,2473,69.0,-1.3378988019484086,5.292233718202755,0.23079778515013713,-0.9730017381124204,-81,0.005608583690987125,-0.429141630901068,NA,NA,0.0,NA,NA,NA,3233,-0.6711408,False,0.0," Step Response (State:idle, Speed:-0.5, Q:0.0)",1.789973204254987,3.1456211018806756e-05,0.4504299599825714,211.403522,0.01411,0.012351036071777344,0.0,2,0,0,2473,69.0,57.01666666666668
21999.054473638535,19.99999999998181,2530,57.0,-1.2504618970389267,4.371845245478053,0.3148839955883526,-0.9491301645835066,17,-0.00271931330472103,-0.41639484978578645,NA,NA,0.0,NA,NA,NA,3177,-0.658089,False,0.0," Step Response (State:idle, Speed:-0.5, Q:0.0)",1.5636549559461914,7.394664849232811e-06,0.4330811083683308,211.423522,0.01421,0.012391090393066406,0.0,1,0,0,2530,57.0,52.01666666666671
21999.074697494507,20.000000000010232,2578,48.0,-1.1768308192204162,3.6815538909236554,0.3838531501179848,-0.923394151565029,114,-0.010962231759656653,-0.41214592274657025,NA,NA,0.0,NA,NA,NA,2937,-0.6023766,False,0.0," Step Response (State:idle, Speed:-0.5, Q:0.0)",1.3849307770669959,0.000120170525152425,0.36285754441964,211.443522,0.01516,0.013310432434082031,0.0,1,0,0,2578,48.0,43.26666666666671
21999.09489274025,20.000000000010232,2618,40.0,-1.1154715877049903,3.0679615757697127,0.43975399109766167,-0.898118270225964,208,-0.01895021459227468,-0.39939914163069706,NA,NA,0.0,NA,NA,NA,2806,-0.5719502,False,0.0," Step Response (State:idle, Speed:-0.5, Q:0.0)",1.244276862977092,0.00035911063309326027,0.32712702809982375,211.463522,0.01481,0.013190031051635742,0.0,0,0,0,2618,40.0,35.81666666666668
21999.11552977562,19.99999999998181,2650,32.0,-1.06638420249265,2.454369260619258,0.48329286294738577,-0.8754587418171798,299,-0.02668326180257511,-0.38665236051537316,NA,NA,0.0,NA,NA,NA,2685,-0.54389024,False,0.0," Step Response (State:idle, Speed:-0.5, Q:0.0)",1.137175267325885,0.000711996460424764,0.2958165907830903,211.483522,0.01448,0.012791872024536133,0.0,1,0,0,2650,32.0,29.36666666666673
21999.13555955887,20.000000000010232,2670,20.0,-1.035704586734937,1.5339807878848564,0.5099199583787442,-0.8602218528071812,386,-0.03407639484978541,-0.36965665236032597,NA,NA,0.0,NA,NA,NA,1269,-0.21509804,False,0.0," Step Response (State:idle, Speed:-0.5, Q:0.0)",1.0726839909837866,0.0011612006859584817,0.046267166087293754,211.503522,0.01525,0.013563871383666992,0.0,0,0,0,2670,20.0,22.216666666666725
21999.155987501144,20.000000000010232,2684,14.0,-1.014228855704538,1.0737865515193994,0.5282748466869281,-0.8490734281308671,462,-0.04053476394849786,-0.3229184549354571,NA,NA,0.0,NA,NA,NA,-1182,0.35399875,False,0.0," Step Response (State:idle, Speed:-0.5, Q:0.0)",1.0286601717437367,0.0016430670883604416,0.12531511531890605,211.523522,0.01457,0.012761592864990234,0.0,1,0,0,2684,14.0,12.766666666666637
21999.175936937332,19.99999999998181,2692,8.0,-1.001957009401453,0.6135923151548145,0.5386545056432417,-0.8425267494567961,506,-0.04427381974248927,-0.18695278969974066,NA,NA,0.0,NA,NA,NA,-2662,0.6976493,False,0.0," Step Response (State:idle, Speed:-0.5, Q:0.0)",1.0039178486887033,0.0019601711145904328,0.48671454592781416,211.543522,0.01568,0.013814687728881836,0.0,1,0,0,2692,8.0,5.65000000000002
21999.19631242752,20.000000000010232,2698,6.0,-0.9927531246741392,0.4601942363654569,0.5463861002896447,-0.8375334198766484,509,-0.04452875536480687,-0.01274678111587338,NA,NA,0.0,NA,NA,NA,-3789,0.9592411,False,0.0," Step Response (State:idle, Speed:-0.5, Q:0.0)",0.9855587665502671,0.0019828100543388166,0.9201434729747326,211.563522,0.01427,0.012563705444335938,0.0,0,0,0,2698,6.0,-0.13333333333333997
21999.216557502747,19.99999999998181,2698,0.0,-0.9927531246741392,0.0,0.5463861002896447,-0.8375334198766484,473,-0.04146952789699571,0.1529613733906969,NA,NA,0.0,NA,NA,NA,-3785,0.9582874,False,0.0," Step Response (State:idle, Speed:-0.5, Q:0.0)",0.9855587665502671,0.0017197217439997056,0.9183147752836796,211.583522,0.01522,0.01352381706237793,0.0,0,0,0,2698,0.0,-0.950000000000017
21999.236946344376,20.000000000010232,2694,-4.0,-0.9988890478256818,-0.30679615757697126,0.5412368062715411,-0.8408702156319857,411,-0.03620085836909871,0.26343347639471526,NA,NA,0.0,NA,NA,NA,-4499,0.9520311,False,0.0," Step Response (State:idle, Speed:-0.5, Q:0.0)",0.9977793298660972,0.0013105021466595444,0.9063631695829635,211.603522,0.01371,0.011932134628295898,0.0,0,0,0,2694,-4.0,-3.3666666666667027
21999.257209539413,20.000000000010232,2686,-8.0,-1.0111608941287669,-0.6135923151539425,0.5308772810909922,-0.8474487078410325,328,-0.029147639484978543,0.35266094420582805,NA,NA,0.0,NA,NA,NA,-4440,0.9382064,False,0.0," Step Response (State:idle, Speed:-0.5, Q:0.0)",1.0224463538152873,0.0008495848875462802,0.8802312014249516,211.623522,0.01475,0.013051271438598633,0.0,0,0,0,2686,-8.0,-6.333333333333364
21999.277469158173,19.99999999998181,2670,-16.0,-1.035704586734937,-1.227184630309629,0.5099199583787442,-0.8602218528071812,229,-0.020734763948497856,0.4206437768244169,NA,NA,0.0,NA,NA,NA,-4193,0.88084704,False,0.0," Step Response (State:idle, Speed:-0.5, Q:0.0)",1.0726839909837866,0.0004299304359999264,0.7758915023072213,211.643522,0.01484,0.013082742691040039,0.0,2,0,0,2670,-16.0,-8.899999999999956
21999.298001527786,20.000000000010232,2646,-24.0,-1.0725201256441925,-1.8407769454618277,0.4779120512409358,-0.8784076908125754,124,-0.011812017167381976,0.4461373390555658,NA,NA,0.0,NA,NA,NA,-3576,0.73774016,False,0.0," Step Response (State:idle, Speed:-0.5, Q:0.0)",1.1502994199118346,0.0001395237495625265,0.5442605422525872,211.663522,0.01538,0.013605356216430664,0.0,2,0,0,2646,-24.0,-15.900000000000013
21999.318115234375,20.000000000010232,2614,-32.0,-1.121607510856533,-2.45436926061577,0.4342349627456494,-0.9007996431667169,18,-0.0028042918454935623,0.45038626609419025,NA,NA,0.0,NA,NA,NA,-1963,0.36333793,False,0.0," Step Response (State:idle, Speed:-0.5, Q:0.0)",1.258003408409788,7.864052754701689e-06,0.13201445429587366,211.683522,0.01506,0.013402223587036133,0.0,2,0,0,2614,-32.0,-26.30000000000001
21999.33838868141,19.99999999998181,2572,-42.0,-1.1860347039477301,-3.2213596545627765,0.3753381985076387,-0.9268879310580327,-79,0.00543862660944206,0.41214592274715595,NA,NA,0.0,NA,NA,NA,-58,-0.07902026,False,0.0," Step Response (State:idle, Speed:-0.5, Q:0.0)",1.4066783189683798,2.9578659396931243e-05,0.006244201769334268,211.703522,0.01454,0.012726545333862305,0.0,1,0,0,2572,-42.0,-38.76666666666668
21999.358548402786,20.000000000010232,2518,-54.0,-1.2688696664935546,-4.141748127289112,0.29736026592235526,-0.9547653493139485,-148,0.011302145922746781,0.2931759656650861,NA,NA,0.0,NA,NA,NA,2483,-0.6691279,False,0.0," Step Response (State:idle, Speed:-0.5, Q:0.0)",1.6100302305474645,0.0001277385024590617,0.44773212183674005,211.723522,0.01495,0.013316631317138672,0.0,2,0,0,2518,-54.0,-51.166666666666686
21999.378839731216,20.000000000010232,2454,-64.0,-1.3670444369182357,-4.90873852123154,0.20234502573960358,-0.9793142961064334,-175,0.013596566523605151,0.11472103004285981,NA,NA,0.0,NA,NA,NA,3864,-0.9896628,False,0.0," Step Response (State:idle, Speed:-0.5, Q:0.0)",1.8688104925090963,0.0001848666212308203,0.9794325092875376,211.743522,0.01476,0.013121843338012695,0.0,2,0,0,2454,-64.0,-65.33333333333333
21999.39914727211,19.99999999998181,2374,-80.0,-1.489762899949087,-6.135923151548146,0.08094477275577208,-0.9967185880495639,-153,0.011727038626609444,-0.09347639484987041,NA,NA,0.0,NA,NA,NA,3908,-1.0,False,0.0," Step Response (State:idle, Speed:-0.5, Q:0.0)",2.2193934980647136,0.00013752343494998992,1.0,211.763522,0.01466,0.013033151626586914,0.0,1,0,0,2374,-80.0,-77.23333333333332
21999.41944885254,20.000000000010232,2285,-89.0,-1.6262871900709088,-6.826214506087611,-0.0554623894171328,-0.998460777076467,-100,0.007223175965665236,-0.22519313304709515,NA,NA,0.0,NA,NA,NA,4611,-0.991107,False,0.0," Step Response (State:idle, Speed:-0.5, Q:0.0)",2.6448100245887325,5.217427103096392e-05,0.9822930596792503,211.783522,0.01458,0.013055801391601562,0.0,1,0,0,2285,-89.0,-93.93333333333334
21999.43965435028,19.99999999998181,2184,-101.0,-1.781219249647359,-7.746602978829533,-0.20887351281506208,-0.9779426648041776,-24,0.0007648068669527898,-0.32291845493591603,NA,NA,0.0,NA,NA,NA,4578,-0.9834461,False,0.0," Step Response (State:idle, Speed:-0.5, Q:0.0)",3.1727420153143004,5.849295437381422e-07,0.9671662733344419,211.803522,0.01461,0.013015270233154297,0.0,1,0,0,2184,-101.0,-105.26666666666668
21999.45995616913,20.000000000010232,2074,-110.0,-1.9499571363147794,-8.43689433336671,-0.3701410123744268,-0.9289755814651074,69,-0.007138197424892704,-0.39515021459207256,NA,NA,0.0,NA,NA,NA,4240,-0.90479165,False,0.0," Step Response (State:idle, Speed:-0.5, Q:0.0)",3.802332833464935,5.095386247674483e-05,0.818647935621275,211.823522,0.01415,0.012567758560180664,0.0,1,0,0,2074,-110.0,-116.20000000000002
21999.48041677475,20.000000000010232,1955,-119.0,-2.132500850073171,-9.127185687914896,-0.5326295916270312,-0.8463484614053611,170,-0.015721030042918457,-0.42914163090106816,NA,NA,0.0,NA,NA,NA,4041,-0.85870665,False,0.0," Step Response (State:idle, Speed:-0.5, Q:0.0)",4.547559875562796,0.0002471507856103447,0.7373771161093465,211.843522,0.01564,0.013997554779052734,0.0,1,0,0,1955,-119.0,-124.91666666666667
21999.50053858757,19.99999999998181,1823,-132.0,-2.334986314074075,-10.12427320005444,-0.6919524425473139,-0.7219430844968364,274,-0.024558798283261803,-0.4418884120175692,NA,NA,0.0,NA,NA,NA,3756,-0.7925409,False,0.0," Step Response (State:idle, Speed:-0.5, Q:0.0)",5.452161086913235,0.0006031345731179428,0.6281210906312396,211.863522,0.01485,0.013216257095336914,0.0,2,0,0,1823,-132.0,-131.56666666666672
21999.520896434784,20.000000000010232,1686,-137.0,-2.545141682014408,-10.507768397011267,-0.8273343450963976,-0.5617097839845011,377,-0.03331158798283262,-0.43763948497831684,NA,NA,0.0,NA,NA,NA,4298,-0.91828525,False,0.0," Step Response (State:idle, Speed:-0.5, Q:0.0)",6.477746181527131,0.0011096618939379986,0.8432478015865996,211.883522,0.01588,0.014287471771240234,0.0,1,0,0,1686,-137.0,-141.18333333333337
21999.541071414948,20.000000000010232,1547,-139.0,-2.758365011530512,-10.661166475799751,-0.9274626018892813,-0.3739159291829709,482,-0.0422343347639485,-0.4461373390555659,NA,NA,0.0,NA,NA,NA,4131,-0.87956667,False,0.0," Step Response (State:idle, Speed:-0.5, Q:0.0)",7.608577536835722,0.0017837390329532687,0.7736375260321893,211.903522,0.01582,0.014204740524291992,0.0,2,0,0,1547,-139.0,-146.48333333333335
21999.561430454254,19.99999999998181,1393,-154.0,-2.9945980528649008,-11.81165206673018,-0.9892157330181001,-0.14646581017241883,590,-0.05141201716738198,-0.4588841201720914,NA,NA,0.0,NA,NA,NA,2266,-0.44656783,False,0.0," Step Response (State:idle, Speed:-0.5, Q:0.0)",8.967617498222255,0.0026431955092191795,0.1994228298486611,211.923522,0.01497,0.013473749160766602,0.0,1,0,0,1393,-154.0,-147.0000000000001
21999.581781625748,20.000000000010232,1248,-145.0,3.0661600400712676,-11.121360712165208,-0.9971563091947491,0.07536109761080972,689,-0.05982489270386267,-0.42064377682381915,NA,NA,0.0,NA,NA,NA,2215,-0.43475616,False,0.0," Step Response (State:idle, Speed:-0.5, Q:0.0)",9.401337391329838,0.0035790177870286804,0.18901291846874813,211.943522,0.01739,0.015835046768188477,0.0,1,0,0,1248,-145.0,-156.75
21999.602101802826,20.000000000010232,1092,-156.0,2.8268590371611073,-11.965050145501879,-0.9508788751967809,0.30956318370327024,778,-0.06738798283261803,-0.37815450643757464,NA,NA,0.0,NA,NA,NA,-2779,0.7247052,False,0.0," Step Response (State:idle, Speed:-0.5, Q:0.0)",7.991132015979423,0.004541140230249222,0.5251976548354378,211.963522,0.0148,0.01311039924621582,0.0,1,0,0,1092,-156.0,-152.31666666666666
21999.62241268158,19.99999999998181,933,-159.0,2.5829560918872905,-12.195147263701939,-0.8479785628861248,0.530030524484753,822,-0.07112703862660945,-0.186952789699741,NA,NA,0.0,NA,NA,NA,-1719,0.4787087,False,0.0," Step Response (State:idle, Speed:-0.5, Q:0.0)",6.671662172617665,0.005059055623791192,0.22916203309577643,211.983522,0.01571,0.014027118682861328,0.0,2,0,0,933,-159.0,-155.40000000000003
21999.642553806305,20.000000000010232,767,-166.0,2.328315281098274,-12.73204053944431,-0.6871209753332137,0.7265430236793504,827,-0.07155193133047211,-0.021244635193122068,NA,NA,0.0,NA,NA,NA,-1572,0.44451553,False,0.0," Step Response (State:idle, Speed:-0.5, Q:0.0)",5.421052048195734,0.005119678877120596,0.19759405311706146,212.003522,0.01569,0.014000654220581055,0.0,1,0,0,767,-166.0,-158.7666666666666
21999.662821769714,20.000000000010232,607,-160.0,2.082878355036571,-12.271846303078851,-0.4899932661976643,0.8717262179612042,815,-0.07053218884120172,0.05098712446349352,NA,NA,0.0,NA,NA,NA,1241,-0.2086173,False,0.0," Step Response (State:idle, Speed:-0.5, Q:0.0)",4.338382241879851,0.00497478966273094,0.04352117777381981,212.023522,0.01561,0.013995170593261719,0.0,1,0,0,607,-160.0,-165.30000000000013
21999.683188438416,19.99999999998181,453,-154.0,1.846645313702182,-11.81165206673018,-0.2723639253873569,0.9621943110139398,815,-0.07053218884120172,0.0,NA,NA,0.0,NA,NA,NA,3908,-1.0,False,0.0," Step Response (State:idle, Speed:-0.5, Q:0.0)",3.4100989146182306,0.00497478966273094,1.0,212.043522,0.0151,0.013609647750854492,0.0,1,0,0,453,-154.0,-163.0833333333334
21999.703599214554,20.000000000010232,312,-141.0,1.630354022610307,-10.814564554588237,-0.05952249235249838,0.9982269646248526,849,-0.07342145922746782,-0.14446351931323118,NA,NA,0.0,NA,NA,NA,4299,-0.9981425,False,0.0," Step Response (State:idle, Speed:-0.5, Q:0.0)",2.6580542390416095,0.005390710675090719,0.9962884120778313,212.063522,0.01615,0.014623165130615234,0.0,1,0,0,312,-141.0,-156.03333333333327
21999.72356057167,19.99999999998181,183,-129.0,1.432470500973059,-9.894176081871384,0.13788512580719692,0.9904482278651083,911,-0.07869012875536481,-0.2634334763950893,NA,NA,0.0,NA,NA,NA,4596,-0.9874839,False,0.0," Step Response (State:idle, Speed:-0.5, Q:0.0)",2.0519717361580065,0.0061921363635358915,0.9751244896256175,212.083522,0.01563,0.014006853103637695,0.0,1,0,0,183,-129.0,-137.91666666666654
21999.744108438492,20.000000000010232,66,-117.0,1.2529947487904387,-8.97378760912641,0.31247898211590164,0.9499246737167163,997,-0.08599828326180257,-0.36540772532170124,NA,NA,0.0,NA,NA,NA,4340,-0.92807186,False,0.0," Step Response (State:idle, Speed:-0.5, Q:0.0)",1.5699958404964145,0.007395704723977233,0.8613173708249775,212.103522,0.0147,0.013165950775146484,0.0,2,0,0,66,-117.0,-117.31666666666665
21999.76424074173,20.000000000010232,0,-99.56666666666669,1.1517520167899864,-7.636667689020111,0.4068876370148834,0.9134782158565383,1097,-0.0944961373390558,-0.42489270386244415,NA,NA,0.0,NA,NA,NA,3905,-0.82705146,False,0.0," Step Response (State:idle, Speed:-0.5, Q:0.0)",1.326532708179801,0.008929519972001696,0.6840141187170481,212.123522,0.01647,0.014737606048583984,0.0,0,0,1,0,-66.0,-99.56666666666669
21999.784349918365,19.99999999998181,4094,-79.65151515151483,1.1486840552142157,-6.1091946984258465,0.4096882337943411,0.9122256031763597,1203,-0.10350386266094422,-0.4503862660948303,NA,NA,0.0,NA,NA,NA,1905,-0.3628703,False,0.0," Step Response (State:idle, Speed:-0.5, Q:0.0)",1.3194750587033752,0.010713049585735603,0.13167485881440033,212.143522,0.0155,0.013863086700439453,0.0,0,0,2,4094,-2.0,-79.65151515151483
21999.80463862419,20.000000000010232,4045,-56.96363636363583,1.0735189966078194,-4.369056189493827,0.4770343970335323,0.8788846249917303,1300,-0.11174678111587984,-0.4121459227465701,NA,NA,0.0,NA,NA,NA,-826,0.27149573,False,0.0," Step Response (State:idle, Speed:-0.5, Q:0.0)",1.1524430360778593,0.012487343089760359,0.07370993123709813,212.163522,0.01516,0.013613224029541016,0.0,1,0,3,4045,-49.0,-56.96363636363583
21999.8251183033,20.000000000010232,3967,-78.0,0.9538684951527395,-5.982525072750939,0.5785320508625696,0.8156596509113032,1364,-0.11718540772532189,-0.2719313304719636,NA,NA,0.0,NA,NA,NA,-878,0.28339058,False,0.0," Step Response (State:idle, Speed:-0.5, Q:0.0)",0.9098651060449519,0.013732419783749932,0.0803102217440177,212.183522,0.0167,0.015152454376220703,0.0,1,0,0,3967,-78.0,-31.503030303029604
21999.84516096115,19.99999999998181,3906,-61.0,0.8602956670917153,-4.678641403055461,0.6522133705430423,0.7580354340562743,1396,-0.11990472103004293,-0.1359656652361757,NA,NA,0.0,NA,NA,NA,-3527,0.898487,False,0.0," Step Response (State:idle, Speed:-0.5, Q:0.0)",0.7401086348167795,0.01437714212529242,0.8072788385934615,212.203522,0.0161,0.014394283294677734,0.0,1,0,0,3906,-61.0,-31.503030303029604
21999.865557909012,20.000000000010232,3858,-48.0,0.7866645892732046,-3.6815538909236554,0.7062107160602528,0.7080017122307438,1385,-0.11896995708154508,0.04673819742486883,NA,NA,0.0,NA,NA,NA,-3861,0.97589636,False,0.0," Step Response (State:idle, Speed:-0.5, Q:0.0)",0.6188411760163797,0.014153850687984677,0.9523737025140235,212.223522,0.01657,0.014854192733764648,0.0,0,0,0,3858,-48.0,-27.000000000000007
21999.885942697525,20.000000000010232,3822,-36.0,0.7314412809093215,-2.7611654181927414,0.7442124822319178,0.6679429476311636,1338,-0.11497596566523606,0.1996995708153487,NA,NA,0.0,NA,NA,NA,-4674,0.9926024,False,0.0," Step Response (State:idle, Speed:-0.5, Q:0.0)",0.5350063474182689,0.013219472680653542,0.9852595402329634,212.243522,0.01578,0.014155149459838867,0.0,0,0,0,3822,-36.0,-38.99999999999997
21999.906207561493,19.99999999998181,3800,-22.0,0.6976937035758374,-1.6873788666757399,0.7663259088177053,0.6424520227026436,1263,-0.10860257510729614,0.318669527897286,NA,NA,0.0,NA,NA,NA,-4630,0.982461,False,0.0," Step Response (State:idle, Speed:-0.5, Q:0.0)",0.48677650400936845,0.011794519319935899,0.9652295686692014,212.263522,0.01662,0.014914989471435547,0.0,0,0,0,3800,-22.0,-27.25000000000007
21999.926548957825,20.000000000010232,3789,-11.0,0.6808199149090953,-0.8436894333366709,0.7770569006678834,0.6294303560557143,1168,-0.10052961373390558,0.4036480686693214,NA,NA,0.0,NA,NA,NA,-4633,0.98317397,False,0.0," Step Response (State:idle, Speed:-0.5, Q:0.0)",0.4635157565368278,0.010106203237488258,0.9666310482219984,212.283522,0.01579,0.014092445373535156,0.0,1,0,0,3789,-11.0,-11.40000000000002
21999.94678902626,19.99999999998181,3784,-5.0,0.6731500109696671,-0.3834951969717591,0.7818616676855079,0.623451948913496,1060,-0.0913519313304721,0.458884120172091,NA,NA,0.0,NA,NA,NA,-4618,0.9796852,False,0.0," Step Response (State:idle, Speed:-0.5, Q:0.0)",0.45313093726846293,0.00834517535780729,0.9597830662929852,212.303522,0.01495,0.013015985488891602,0.0,2,0,0,3784,-5.0,-0.6000000000000654
21999.967022180557,20.000000000010232,3788,4.0,0.6792859341212096,0.30679615757697126,0.7780215201177451,0.6282376256112596,946,-0.08166437768240344,0.4843776824031857,NA,NA,0.0,NA,NA,NA,-4458,0.94236696,False,0.0," Step Response (State:idle, Speed:-0.5, Q:0.0)",0.46142938029492436,0.006669070582254233,0.8880554828978262,212.323522,0.01444,0.012520074844360352,0.0,0,0,0,3788,4.0,3.2857142857142634
21999.987071037292,20.000000000010232,3798,10.0,0.6946257420000661,0.7669903939424282,0.7682933173699834,0.6400979444464932,829,-0.07172188841201717,0.4971244635190591,NA,NA,0.0,NA,NA,NA,-4369,0.92182577,False,0.0," Step Response (State:idle, Speed:-0.5, Q:0.0)",0.4825049214491424,0.005144029277385842,0.8497627439002287,212.343522,0.01676,0.014910697937011719,0.0,0,0,0,3798,10.0,9.8749999999999
22000.00744652748,19.99999999998181,3814,16.0,0.7191694346062364,1.227184630309629,0.7523531318552525,0.658760020787231,711,-0.06169442060085837,0.5013733905583959,NA,NA,0.0,NA,NA,NA,-4212,0.8852825,False,0.0," Step Response (State:idle, Speed:-0.5, Q:0.0)",0.5172046756718537,0.0038062015332756176,0.7837251339842624,212.363522,0.01442,0.01265859603881836,0.0,0,0,0,3814,16.0,14.690476190476133
22000.02778530121,20.000000000010232,3836,22.0,0.7529170119397205,1.6873788666733418,0.7296974103390911,0.683770202147201,592,-0.05158197424892704,0.5056223175963077,NA,NA,0.0,NA,NA,NA,-3993,0.83450395,False,0.0," Step Response (State:idle, Speed:-0.5, Q:0.0)",0.5668840268682372,0.0026607000674169724,0.6963968403767105,212.383522,0.01451,0.01273798942565918,0.0,1,0,0,3836,22.0,19.216666666666697
22000.047966480255,20.000000000010232,3870,34.0,0.8050723587278322,2.607767339404256,0.693059074819089,0.7208807937592099,476,-0.041724463519313304,0.4928755364804347,NA,NA,0.0,NA,NA,NA,-3663,0.7578335,False,0.0," Step Response (State:idle, Speed:-0.5, Q:0.0)",0.6481415027875954,0.0017409308559745067,0.5743115846744331,212.403522,0.01544,0.01355433464050293,0.0,2,0,0,3870,34.0,24.366666666666653
22000.068512439728,19.99999999998181,3904,34.0,0.8572277055159441,2.607767339407962,0.6545359210392044,0.7560309041761193,361,-0.031951931330472104,0.4886266094425044,NA,NA,0.0,NA,NA,NA,-3296,0.6726262,False,0.0," Step Response (State:idle, Speed:-0.5, Q:0.0)",0.7348393391041301,0.0010209259157472048,0.45242600134551836,212.423522,0.0149,0.013181209564208984,0.0,0,0,0,3904,34.0,35.01666666666668
22000.088808059692,20.000000000010232,3947,43.0,0.9231888793950266,3.298058693952441,0.6032800030552056,0.7975294589629346,250,-0.022519313304721032,0.4716309012873123,NA,NA,0.0,NA,NA,NA,-2813,0.56055593,False,0.0," Step Response (State:idle, Speed:-0.5, Q:0.0)",0.8522777070386449,0.0005071194717161857,0.3142229561583463,212.443522,0.01482,0.012879133224487305,0.0,2,0,0,3947,43.0,39.13333333333332
22000.108897209167,20.000000000010232,4002,55.0,1.007557822728737,4.218447166683355,0.5339272467330799,0.8455304223953346,146,-0.013681545064377684,0.44188841201694135,NA,NA,0.0,NA,NA,NA,-1353,0.22175992,False,0.0," Step Response (State:idle, Speed:-0.5, Q:0.0)",1.015172766141873,0.00018718467534859735,0.04917746005686752,212.463522,0.01586,0.013982772827148438,0.0,1,0,0,4002,55.0,47.75000000000003
22000.1292283535,19.99999999998181,4060,58.0,1.0965287084261042,4.448544284872406,0.4566870229288514,0.8896274293705105,56,-0.006033476394849786,0.38240343347674266,NA,NA,0.0,NA,NA,NA,-947,0.12733746,False,0.0," Step Response (State:idle, Speed:-0.5, Q:0.0)",1.2023752084026202,3.640283740720957e-05,0.016214827636758855,212.483522,0.01533,0.013552665710449219,0.0,0,0,0,4060,58.0,60.30000000000005
22000.14954686165,20.000000000010232,4094,66.35,1.1486840552142157,5.0889812638080105,0.4096882337943411,0.9122256031763597,-17,0.0001699570815450644,0.3101716738195838,NA,NA,0.0,NA,NA,NA,-1030,0.14673051,False,0.0," Step Response (State:idle, Speed:-0.5, Q:0.0)",1.3194750587033752,2.8885409567315667e-08,0.021529843263473403,212.503522,0.01507,0.01327824592590332,0.0,0,0,1,4094,34.0,66.35
22000.169895887375,20.000000000010232,4094,73.75909090909089,1.1486840552142157,5.657251419319899,0.4096882337943411,0.9122256031763597,-76,0.005183690987124464,0.25068669527884174,NA,NA,0.0,NA,NA,NA,-1090,0.16051394,False,0.0," Step Response (State:idle, Speed:-0.5, Q:0.0)",1.3194750587033752,2.68706522499954e-05,0.025764724123181537,212.523522,0.01461,0.01273965835571289,0.0,12,1,2,4094,34.0,73.75909090909089
22000.1900036335,19.99999999998181,10,81.23636363636359,1.1670918246688435,6.23075105479934,0.3928277348586721,0.9196120762179044,-125,0.009347639484978541,0.20819742489289322,NA,NA,0.0,NA,NA,NA,-1108,0.16485345,False,0.0," Step Response (State:idle, Speed:-0.5, Q:0.0)",1.3621033272088505,8.73783639411299e-05,0.027176661175772665,212.543522,0.01593,0.014142036437988281,0.0,1,0,3,10,6.0,81.23636363636359
22000.210345506668,20.000000000010232,105,95.0,1.3128199995179788,7.286408742453069,0.2551243697838106,0.966908245875695,-165,0.012746781115879829,0.16995708154497743,NA,NA,0.0,NA,NA,NA,-1165,0.1780607,False,0.0," Step Response (State:idle, Speed:-0.5, Q:0.0)",1.723496351134386,0.00016248042881615061,0.03170561129226557,212.563522,0.01462,0.012854814529418945,0.0,1,0,0,105,95.0,88.78181818181812
22000.230345249176,19.99999999998181,209,104.0,1.4723540014580863,7.976700097012589,0.09828340338017162,0.9951584660846786,-201,0.015806008583690988,0.15296137339069707,NA,NA,0.0,NA,NA,NA,-1812,0.32819986,False,0.0," Step Response (State:idle, Speed:-0.5, Q:0.0)",2.1678263056096383,0.0002498299073477132,0.10771515035798984,212.583522,0.01511,0.013320446014404297,0.0,1,0,0,209,104.0,88.78181818181812
22000.25098848343,20.000000000010232,324,115.0,1.648761792064935,8.820389530337925,-0.07788650228127711,0.9969622323650925,-234,0.01861030042918455,0.1402145922746063,NA,NA,0.0,NA,NA,NA,-2685,0.530821,False,0.0," Step Response (State:idle, Speed:-0.5, Q:0.0)",2.7184154469731756,0.0003463432820645066,0.28177096097650534,212.603522,0.01426,0.012418746948242188,0.0,1,0,0,324,115.0,121.99999999999997
22000.271050214767,20.000000000010232,448,124.0,1.838975409762754,9.51068088488611,-0.26497604861260937,0.9642549941077039,-270,0.021669527896995708,0.1529613733904797,NA,NA,0.0,NA,NA,NA,-3815,0.79310304,False,0.0," Step Response (State:idle, Speed:-0.5, Q:0.0)",3.381830557712089,0.00046956843927867524,0.6290124308908709,212.623522,0.01594,0.014017820358276367,0.0,1,0,0,448,124.0,127.99999999999996
22000.29160785675,19.99999999998181,580,132.0,2.0414608737636586,10.12427320005444,-0.45347867433640093,0.8912671271409601,-311,0.02515364806866953,0.1742060085838495,NA,NA,0.0,NA,NA,NA,-4421,0.9339428,False,0.0," Step Response (State:idle, Speed:-0.5, Q:0.0)",4.167562499107881,0.0006327060111624823,0.8722491439584701,212.643522,0.01483,0.013031005859375,0.0,1,0,0,580,132.0,134.0
22000.311685562134,20.000000000010232,719,139.0,2.254684203279763,10.661166475799751,-0.6318113708102133,0.7751221785724617,-372,0.030337339055793992,0.2591845493560906,NA,NA,0.0,NA,NA,NA,-4581,0.97108614,False,0.0," Step Response (State:idle, Speed:-0.5, Q:0.0)",5.0836008565193,0.0009203541409862035,0.9430082999375742,212.663522,0.01602,0.014063835144042969,0.0,1,0,0,719,139.0,140.19999999999987
22000.33176255226,20.000000000010232,858,139.0,2.4679075327958673,10.661166475799751,-0.7815279404984934,0.623870241492719,-454,0.037305579399141635,0.3484120171672039,NA,NA,0.0,NA,NA,NA,-4244,0.8926853,False,0.0," Step Response (State:idle, Speed:-0.5, Q:0.0)",6.0905675904305845,0.0013917062543056607,0.796887034394004,212.683522,0.01538,0.013670921325683594,0.0,1,0,0,858,139.0,145.79999999999995
22000.352075338364,19.99999999998181,999,141.0,2.684198823887743,10.814564554603605,-0.8972064575380323,0.4416113365302741,-548,0.04529356223175966,0.39939914163126466,NA,NA,0.0,NA,NA,NA,-3172,0.6439595,False,0.0," Step Response (State:idle, Speed:-0.5, Q:0.0)",7.204923326160341,0.0020515067796422854,0.4146838662929895,212.703522,0.01442,0.012755393981933594,0.0,1,0,0,999,141.0,142.85714285714263
22000.37262392044,20.000000000010232,1146,147.0,2.909693999706932,11.274758790953696,-0.9732317898772457,0.22982576698954532,-642,0.05328154506437768,0.39939914163069673,NA,NA,0.0,NA,NA,NA,-1909,0.3508339,False,0.0," Step Response (State:idle, Speed:-0.5, Q:0.0)",8.466319171930525,0.0028389230444473097,0.12308442035282496,212.723522,0.015,0.013439655303955078,0.0,1,0,0,1146,147.0,141.41071428571425
22000.392901182175,20.000000000010232,1293,147.0,3.135189175526121,11.274758790953696,-0.9999794978044011,0.006403434301825635,-727,0.060504721030042924,0.3611587982830773,NA,NA,0.0,NA,NA,NA,-114,-0.066085055,False,0.0," Step Response (State:idle, Speed:-0.5, Q:0.0)",9.82941116633616,0.0036608212669233184,0.004367234556534649,212.743522,0.01674,0.014962911605834961,0.0,1,0,0,1293,147.0,145.11904761904742
22000.41316628456,19.99999999998181,1440,147.0,-2.9225009558342756,11.274758790969717,-0.9760952651958094,-0.21734312333801273,-790,0.06585836909871245,0.26768240343372,NA,NA,0.0,NA,NA,NA,1060,-0.33883542,False,0.0," Step Response (State:idle, Speed:-0.5, Q:0.0)",8.541011836852254,0.004337324780342244,0.11480944064325982,212.763522,0.01559,0.013805150985717773,0.0,1,0,0,1440,147.0,145.41666666666666
22000.433262109756,20.000000000010232,1592,152.0,-2.689335876075658,11.658253987924908,-0.8994631897413905,-0.43699653351055706,-824,0.06874763948497854,0.14446351931323048,NA,NA,0.0,NA,NA,NA,2598,-0.69585377,False,0.0," Step Response (State:idle, Speed:-0.5, Q:0.0)",7.232527454347627,0.004726237934756581,0.4842124689159313,212.783522,0.01608,0.01441335678100586,0.0,2,0,0,1592,152.0,144.26666666666648
22000.45380282402,19.99999999998181,1748,156.0,-2.450034873165498,11.965050145518884,-0.7702534944529557,-0.6377378413447101,-822,0.06857768240343348,-0.008497854077260765,NA,NA,0.0,NA,NA,NA,2684,-0.71572936,False,0.0," Step Response (State:idle, Speed:-0.5, Q:0.0)",6.002670879727079,0.00470289852382619,0.5122685107711646,212.803522,0.01659,0.01497340202331543,0.0,1,0,0,1748,156.0,148.71666666666675
22000.47392463684,20.000000000010232,1898,150.0,-2.2199377549826522,11.504855909136422,-0.6045026876551721,-0.7966031010595386,-795,0.06628326180257511,-0.11472103004285973,NA,NA,0.0,NA,NA,NA,2252,-0.4432895,False,0.0," Step Response (State:idle, Speed:-0.5, Q:0.0)",4.928123635997418,0.0043934707951887135,0.19650557066246765,212.823522,0.01848,0.016712188720703125,0.0,2,0,0,1898,150.0,155.0
22000.49427652359,20.000000000010232,2041,143.0,-2.0005785023150056,10.967962633376724,-0.41667279754937525,-0.90905653277581,-756,0.06296909871244635,-0.16570815450635326,NA,NA,0.0,NA,NA,NA,1842,-0.34818068,False,0.0," Step Response (State:idle, Speed:-0.5, Q:0.0)",4.002314343924951,0.003965107392657813,0.1212297869468637,212.843522,0.01566,0.013811826705932617,0.0,1,0,0,2041,143.0,153.0499999999999
22000.514552354813,19.99999999998181,2178,137.0,-1.7904231343746728,10.507768397026199,-0.21786541036161577,-0.9759788230120389,-714,0.0594,-0.17845493562247988,NA,NA,0.0,NA,NA,NA,561,-0.05083665,False,0.0," Step Response (State:idle, Speed:-0.5, Q:0.0)",3.205615000104028,0.0035283600000000004,0.0025843648604040453,212.863522,0.01575,0.01400136947631836,0.0,1,0,0,2178,137.0,144.5333333333333
22000.53464102745,20.000000000010232,2304,126.0,-1.5971415551010817,9.664078963674596,-0.02634218083521312,-0.9996529845445593,-679,0.056425751072961376,-0.14871244635185518,NA,NA,0.0,NA,NA,NA,-1639,0.460186,False,0.0," Step Response (State:idle, Speed:-0.5, Q:0.0)",2.5508611470307017,0.003183865384147802,0.21177115886530373,212.883522,0.01758,0.015787839889526367,0.0,1,0,0,2304,126.0,132.50000000000006
22000.555183410645,20.000000000010232,2413,109.0,-1.429937649221547,8.360195293972467,0.1403933393640056,-0.9900958086277424,-667,0.05540600858369099,-0.050987124463493176,NA,NA,0.0,NA,NA,NA,-2848,0.7406692,False,0.0," Step Response (State:idle, Speed:-0.5, Q:0.0)",2.044721680661244,0.0030698257871760396,0.5485908503242207,212.903522,0.01617,0.01437997817993164,0.0,1,0,0,2413,109.0,117.28333333333346
22000.575315475464,19.99999999998181,2520,107.0,-1.2658017049177834,8.206797215195644,0.30028804529879255,-0.9538485675675308,-684,0.056850643776824035,0.0722317596567179,NA,NA,0.0,NA,NA,NA,-1165,0.35001445,False,0.0," Step Response (State:idle, Speed:-0.5, Q:0.0)",1.6022539561727673,0.0032319956978393415,0.12251011392487499,212.923522,0.01688,0.014961004257202148,0.0,1,0,0,2520,107.0,96.41666666666679
22000.59561920166,20.000000000010232,2614,94.0,-1.121607510856533,7.2097097030588255,0.4342349627456494,-0.9007996431667169,-714,0.0594,0.12746781115873312,NA,NA,0.0,NA,NA,NA,-358,-0.00930351,False,0.0," Step Response (State:idle, Speed:-0.5, Q:0.0)",1.258003408409788,0.0035283600000000004,8.655530183787619e-05,212.943522,0.01743,0.015596628189086914,0.0,1,0,0,2614,94.0,85.65000000000005
22000.61593914032,20.000000000010232,2701,87.0,-0.9881511823104823,6.672816427299125,0.5502345815736723,-0.8350101228371102,-740,0.06160944206008584,0.11047210300423539,NA,NA,0.0,NA,NA,NA,951,-0.31334007,False,0.0," Step Response (State:idle, Speed:-0.5, Q:0.0)",0.9764427591016039,0.003795723350955074,0.09818199812868045,212.963522,0.01633,0.014442205429077148,0.0,2,0,0,2701,87.0,74.51666666666662
22000.63614010811,19.99999999998181,2778,77.0,-0.8700346616432879,5.90582603336509,0.6448000539556799,-0.7643512873141199,-750,0.062459227467811164,0.042489270386304866,NA,NA,0.0,NA,NA,NA,3564,-0.92004293,False,0.0," Step Response (State:idle, Speed:-0.5, Q:0.0)",0.7569603124607505,0.0039011550958757764,0.8464789967848709,212.983522,0.01844,0.016528844833374023,0.0,1,0,0,2778,77.0,70.2833333333333
22000.656538009644,20.000000000010232,2842,64.0,-0.7718598912186069,4.90873852123154,0.7166146928438495,-0.6974692695741621,-730,0.06075965665236052,-0.08497854077248862,NA,NA,0.0,NA,NA,NA,2577,-0.6909898,False,0.0," Step Response (State:idle, Speed:-0.5, Q:0.0)",0.5957676916719996,0.003691735876512738,0.4774668931276871,213.003522,0.01707,0.015180110931396484,0.0,1,0,0,2842,64.0,65.38333333333321
22000.676638364792,20.000000000010232,2893,51.0,-0.6936268710364392,3.9116510091063836,0.7689323092345609,-0.6393301993611795,-688,0.05719055793991416,-0.17845493562222664,NA,NA,0.0,NA,NA,NA,2754,-0.5599642,False,0.0," Step Response (State:idle, Speed:-0.5, Q:0.0)",0.481118236223801,0.003270759917478679,0.3135598828748698,213.023522,0.01832,0.01633477210998535,0.0,0,0,0,2893,51.0,54.60000000000005
22000.697021961212,19.99999999998181,2934,41.0,-0.6307336587331278,3.144660615168424,0.8075950596917174,-0.5897374157720802,-633,0.052516738197424896,-0.2336909871246759,NA,NA,0.0,NA,NA,NA,686,-0.079796284,False,0.0," Step Response (State:idle, Speed:-0.5, Q:0.0)",0.39782494825887776,0.0027580077908968673,0.006367447009979266,213.043522,0.01832,0.01823139190673828,0.0,0,0,0,2934,41.0,41.64999999999995
22000.71707034111,20.000000000010232,2970,36.0,-0.5755103503692448,2.7611654181927414,0.8389146468595068,-0.5442630019435355,-580,0.04801287553648069,-0.22519313304709512,NA,NA,0.0,NA,NA,NA,-1595,0.44984406,False,0.0," Step Response (State:idle, Speed:-0.5, Q:0.0)",0.33121216338213094,0.002305236217281586,0.2023596804120622,213.063522,0.03896,0.01701951026916504,0.0,1,0,0,2970,36.0,30.016666666666694
22000.737560749054,19.99999999998181,3005,35.0,-0.5218210227932474,2.6844663788023135,0.8669129112235997,-0.49845963161907425,-551,0.045548497854077254,-0.12321888412028387,NA,NA,0.0,NA,NA,NA,-2570,0.67622674,False,0.0," Step Response (State:idle, Speed:-0.5, Q:0.0)",0.2722971798289908,0.00207466565676288,0.4572825972843617,213.083522,0.01725,0.01537013053894043,0.0,1,0,0,3005,35.0,22.33333333333333
22000.757706403732,20.000000000010232,3044,39.0,-0.46199577206570736,2.9912625363754697,0.8951646943476952,-0.4457355381763915,-557,0.04605836909871245,0.02549356223174676,NA,NA,0.0,NA,NA,NA,-2856,0.74265796,False,0.0," Step Response (State:idle, Speed:-0.5, Q:0.0)",0.21344009340658904,0.00212137336403323,0.5515408447510914,213.103522,0.01792,0.01598358154296875,0.0,0,0,0,3044,39.0,21.54999999999997
22000.778042316437,20.000000000010232,3084,40.0,-0.4006365405502817,3.0679615757697127,0.9208129268541979,-0.3900045560480101,-589,0.04877768240343348,0.1359656652359818,NA,NA,0.0,NA,NA,NA,-3678,0.76138544,False,0.0," Step Response (State:idle, Speed:-0.5, Q:0.0)",0.1605096376240975,0.002379262300650224,0.5797077895024358,213.123522,0.01883,0.017031192779541016,0.0,1,0,0,3084,40.0,32.81666666666659
22000.798107147217,19.99999999998181,3122,38.0,-0.34234527061062736,2.9145634969853687,0.9419699560562654,-0.33569718778589325,-643,0.05336652360515022,0.22944206008604587,NA,NA,0.0,NA,NA,NA,-2133,0.4027465,False,0.0," Step Response (State:idle, Speed:-0.5, Q:0.0)",0.11720028430946368,0.002847985841699056,0.16220474212227387,213.143522,0.01707,0.015218973159790039,0.0,0,0,0,3122,38.0,41.86666666666665
22000.81866455078,20.000000000010232,3162,40.0,-0.2809860390952017,3.0679615757697127,0.9607824736771279,-0.2773031522988135,-704,0.058550214592274684,0.2591845493560906,NA,NA,0.0,NA,NA,NA,-2263,0.43282014,False,0.0," Step Response (State:idle, Speed:-0.5, Q:0.0)",0.07895315416641022,0.0034281276288014154,0.18733327472833494,213.163522,0.0179,0.016158342361450195,0.0,2,0,0,3162,40.0,47.78333333333333
22000.838725566864,20.000000000010232,3195,33.0,-0.23036467309497555,2.531068300010013,0.9735831929958992,-0.22833257830609632,-767,0.06390386266094421,0.26768240343333927,NA,NA,0.0,NA,NA,NA,-1017,0.14374478,False,0.0," Step Response (State:idle, Speed:-0.5, Q:0.0)",0.05306788261015495,0.004083703662988819,0.02066256224106966,213.183522,0.0179,0.01883411407470703,0.0,2,0,0,3195,33.0,51.116666666666646
22000.859056711197,19.99999999998181,3229,34.0,-0.17820932630686373,2.607767339407962,0.9841626988112052,-0.17726754431831301,-824,0.06874763948497854,0.242188841201937,NA,NA,0.0,NA,NA,NA,-1851,0.33726132,False,0.0," Step Response (State:idle, Speed:-0.5, Q:0.0)",0.031758563982746235,0.004726237934756581,0.11374519740185463,213.203522,0.03859,0.016806364059448242,0.0,1,0,0,3229,34.0,43.283333333333346
22000.87936615944,20.000000000010232,3258,29.0,-0.13372388345818015,2.224272142433042,0.9910722772520428,-0.13332569618213141,-876,0.07316652360515022,0.22094420600847078,NA,NA,0.0,NA,NA,NA,775,-0.27264547,False,0.0," Step Response (State:idle, Speed:-0.5, Q:0.0)",0.017882077007136947,0.005353340176463004,0.07433555420925586,213.223522,0.03859,0.018146038055419922,0.0,2,0,0,3258,29.0,36.650000000000034
22000.89990925789,20.000000000010232,3282,24.0,-0.09690834454892476,1.8407769454618277,0.9953080600261048,-0.09675673437581324,-913,0.0763107296137339,0.15721030042910386,NA,NA,0.0,NA,NA,NA,732,-0.26259306,False,0.0," Step Response (State:idle, Speed:-0.5, Q:0.0)",0.009391227243213115,0.005823327454180405,0.06895511554454092,213.243522,0.03708,0.015238761901855469,0.0,2,0,0,3282,24.0,27.38333333333333
22000.920040130615,19.99999999998181,3302,20.0,-0.06622872879121193,1.5339807878870364,0.9978076792550278,-0.0661803235085438,-927,0.07750042918454936,0.059484978540826745,NA,NA,0.0,NA,NA,NA,1733,-0.4950575,False,0.0," Step Response (State:idle, Speed:-0.5, Q:0.0)",0.004386244517299904,0.00600631652378935,0.24508192181927146,213.263522,0.01673,0.014746427536010742,0.0,0,0,0,3302,20.0,18.66666666666666
22000.940346240997,20.000000000010232,3316,14.0,-0.04475299776081296,1.0737865515193994,0.9989987517233544,-0.0447380604762855,-921,0.07699055793991416,-0.02549356223174676,NA,NA,0.0,NA,NA,NA,3397,-0.8812302,False,0.0," Step Response (State:idle, Speed:-0.5, Q:0.0)",0.0020028308085793295,0.00592754601189928,0.7765666222032088,213.283522,0.0179,0.0160372257232666,0.0,0,0,0,3316,14.0,12.649999999999977
22000.9604306221,19.99999999998181,3326,10.0,-0.029413189881956542,0.7669903939435182,0.9995674633154116,-0.029408948998446725,-888,0.07418626609442061,-0.14021459227480507,NA,NA,0.0,NA,NA,NA,4299,-0.9186407,False,0.0," Step Response (State:idle, Speed:-0.5, Q:0.0)",0.0008651357390320307,0.005503602077032181,0.8439006863848739,213.303522,0.017,0.015141725540161133,0.0,0,0,0,3326,10.0,7.2833333333333385
22000.980742931366,20.000000000010232,3324,-2.0,-0.03248115145772783,-0.15339807878848563,0.9994725337766163,-0.03247544035345184,-828,0.06908755364806868,-0.25493562231746625,NA,NA,0.0,NA,NA,NA,4650,-1.0,False,0.0," Step Response (State:idle, Speed:-0.5, Q:0.0)",0.0010550252000198546,0.004773090069074767,1.0,213.323522,0.01813,0.016440629959106445,0.0,0,0,0,3324,-2.0,2.6166666666666814
22001.00119304657,20.000000000010232,3318,-6.0,-0.04168503618504167,-0.4601942363654569,0.9991313046801958,-0.04167296495390947,-744,0.06194935622317597,-0.3569098712444529,NA,NA,0.0,NA,NA,NA,2249,-0.44260055,False,0.0," Step Response (State:idle, Speed:-0.5, Q:0.0)",0.0017376422417482336,0.003837722736465951,0.19589524532657165,213.343522,0.01609,0.014252901077270508,0.0,1,0,0,3318,-6.0,-8.48333333333332
22001.021327495575,19.99999999998181,3310,-8.0,-0.0539568824881268,-0.6135923151548145,0.9985446805455889,-0.05393070511413537,-657,0.05455622317596567,-0.36965665236085127,NA,NA,0.0,NA,NA,NA,1925,-0.36744267,False,0.0," Step Response (State:idle, Speed:-0.5, Q:0.0)",0.0029113451678375248,0.0029763814872257733,0.1350141138879657,213.363522,0.01753,0.015618562698364258,0.0,1,0,0,3310,-8.0,-14.91666666666665
22001.041643857956,20.000000000010232,3306,-4.0,-0.06009280563966937,-0.30679615757697126,0.9981949706385396,-0.06005664486070702,-577,0.04775793991416309,-0.33991416308995487,NA,NA,0.0,NA,NA,NA,705,-0.084340125,False,0.0," Step Response (State:idle, Speed:-0.5, Q:0.0)",0.003611145289647079,0.002280820824844812,0.007113256739388341,213.383522,0.01812,0.01638507843017578,0.0,1,0,0,3306,-4.0,-18.516666666666666
22001.061946630478,20.000000000010232,3302,-4.0,-0.06622872879121193,-0.30679615757697126,0.9978076792550278,-0.0661803235085438,-512,0.0422343347639485,-0.2761802575105883,NA,NA,0.0,NA,NA,NA,1326,-0.22838461,False,0.0," Step Response (State:idle, Speed:-0.5, Q:0.0)",0.004386244517299904,0.0017837390329532687,0.05215953190771927,213.403522,0.01713,0.015323638916015625,0.0,0,0,0,3302,-4.0,-11.76666666666668
22001.082131147385,19.99999999998181,3302,0.0,-0.06622872879121193,0.0,0.9978076792550278,-0.0661803235085438,-459,0.037730472103004294,-0.22519313304741514,NA,NA,0.0,NA,NA,NA,589,-0.057252593,False,0.0," Step Response (State:idle, Speed:-0.5, Q:0.0)",0.004386244517299904,0.0014235885251155853,0.003277859443982456,213.423522,0.01772,0.015936613082885742,0.0,0,0,0,3302,0.0,-6.033333333333324
22001.102640390396,20.000000000010232,3302,0.0,-0.06622872879121193,0.0,0.9978076792550278,-0.0661803235085438,-416,0.03407639484978541,-0.18270386266085062,NA,NA,0.0,NA,NA,NA,1432,-0.2530244,False,0.0," Step Response (State:idle, Speed:-0.5, Q:0.0)",0.004386244517299904,0.0011612006859584817,0.06402134663128223,213.443522,0.01723,0.015367746353149414,0.0,1,0,0,3302,0.0,2.6666666666666714
22001.12292790413,20.000000000010232,3302,0.0,-0.06622872879121193,0.0,0.9978076792550278,-0.0661803235085438,-380,0.03101716738197425,-0.15296137339047988,NA,NA,0.0,NA,NA,NA,256,0.019870475,False,0.0," Step Response (State:idle, Speed:-0.5, Q:0.0)",0.004386244517299904,0.0009620646724014073,0.00039483577412569026,213.463522,0.01817,0.01640772819519043,0.0,0,0,0,3302,0.0,8.133333333333336
22001.143243551254,19.99999999998181,3306,4.0,-0.06009280563966937,0.30679615757740725,0.9981949706385396,-0.06005664486070702,-351,0.028552789699570817,-0.1232188841202837,NA,NA,0.0,NA,NA,NA,55,0.066597365,False,0.0," Step Response (State:idle, Speed:-0.5, Q:0.0)",0.003611145289647079,0.0008152617996279173,0.0044352090040172265,213.483522,0.01792,0.01611924171447754,0.0,0,0,0,3306,4.0,9.46666666666667
22001.163381576538,20.001000000007707,3310,4.0,-0.0539568824881268,0.3067808185360832,0.9985446805455889,-0.05393070511413537,-334,0.02710815450643777,-0.07222814824921207,NA,NA,0.0,NA,NA,NA,369,-0.0062873308,False,0.0," Step Response (State:idle, Speed:-0.5, Q:0.0)",0.0029113451678375248,0.0007348520407449023,3.9530528105156254e-05,213.503523,0.01792,0.017408132553100586,0.0,0,0,0,3310,4.0,11.300000000000008
22001.183675050735,19.999000000012757,3314,4.0,-0.04782095933658424,0.3068114981518401,0.9988567958097954,-0.04780273490699794,-324,0.026258369098712448,-0.04249139495598675,NA,NA,0.0,NA,NA,NA,-262,0.14048971,False,0.0," Step Response (State:idle, Speed:-0.5, Q:0.0)",0.0022868441518712436,0.0006895019477242168,0.019737359278299005,213.523522,0.03759,0.015941619873046875,0.0,0,0,0,3314,4.0,8.066666666666666
22001.204011917114,19.99999999998181,3319,5.0,-0.040151055397156035,0.3834951969717591,0.9991940546565027,-0.04014026829877721,-321,0.02600343347639485,-0.012746781115891495,NA,NA,0.0,NA,NA,NA,-1166,0.35030958,False,0.0," Step Response (State:idle, Speed:-0.5, Q:0.0)",0.0016121072495054929,0.0006761785525612923,0.12271680223527515,213.543522,0.01772,0.01593804359436035,0.0,0,0,0,3319,5.0,5.866666666666664
22001.2244348526,20.000000000010232,3328,9.0,-0.02634522830618527,0.6902913545481854,0.9996529845445593,-0.026342180835213322,-328,0.026598283261802576,0.029742489270371104,NA,NA,0.0,NA,NA,NA,-1230,0.3652815,False,0.0," Step Response (State:idle, Speed:-0.5, Q:0.0)",0.0006940710545050256,0.0007074686724750871,0.13343056874234893,213.563522,0.01704,0.015236616134643555,0.0,0,0,0,3328,9.0,5.100000000000005
22001.2444524765,19.99999999998181,3338,10.0,-0.011005420427328855,0.7669903939435182,0.9999394409718514,-0.011005198267243443,-344,0.02795793991416309,0.0679828326180875,NA,NA,0.0,NA,NA,NA,-54,-0.07996012,False,0.0," Step Response (State:idle, Speed:-0.5, Q:0.0)",0.00012111927878226723,0.0007816464042439536,0.006393621222919643,213.583522,0.01785,0.016035079956054688,0.0,0,0,0,3338,10.0,9.0
22001.264880657196,20.000000000010232,3348,10.0,0.0043343874515275604,0.7669903939424282,0.9999906065574162,0.004334373879912507,-359,0.029232618025751073,0.06373390557936656,NA,NA,0.0,NA,NA,NA,2254,-0.6159708,False,0.0," Step Response (State:idle, Speed:-0.5, Q:0.0)",1.878691457995958e-05,0.0008545459566394666,0.3794200146089999,213.603522,0.01696,0.015290260314941406,0.0,0,0,0,3348,10.0,11.15
22001.285035848618,20.000000000010232,3354,6.0,0.013538272178841404,0.4601942363654569,0.9999083589929191,0.013537858622682582,-351,0.028552789699570817,-0.03399141630899545,NA,NA,0.0,NA,NA,NA,3249,-0.84692925,False,0.0," Step Response (State:idle, Speed:-0.5, Q:0.0)",0.00018328481358839119,0.0008152617996279173,0.7172891581434193,213.623522,0.01682,0.015139102935791016,0.0,0,0,0,3354,6.0,12.533333333333333
22001.305391311646,19.99999999998181,3356,2.0,0.016606233754612676,0.15339807878870362,0.9998621196688577,0.0166054705232605,-318,0.025748497854077255,-0.14021459227480557,NA,NA,0.0,NA,NA,NA,4537,-0.9738518,False,0.0," Step Response (State:idle, Speed:-0.5, Q:0.0)",0.0002757669995128374,0.0006629851417414211,0.9483873282948849,213.643522,0.01737,0.015642881393432617,0.0,1,0,0,3356,2.0,8.116666666666674
22001.32565164566,20.000000000010232,3350,-6.0,0.007402349027298832,-0.4601942363654569,0.9999726027395416,0.007402281425813924,-258,0.020649785407725323,-0.25493562231746625,NA,NA,0.0,NA,NA,NA,4551,-0.9770777,False,0.0," Step Response (State:idle, Speed:-0.5, Q:0.0)",5.479477112195197e-05,0.0004264136373851057,0.9546808759023975,213.663522,0.01633,0.014555692672729492,0.0,0,0,0,3350,-6.0,1.5333333333333332
22001.346029758453,20.000000000010232,3338,-12.0,-0.011005420427328855,-0.9203884727309138,0.9999394409718514,-0.011005198267243443,-174,0.01351158798283262,-0.35690987124445256,NA,NA,0.0,NA,NA,NA,3095,-0.63910013,False,0.0," Step Response (State:idle, Speed:-0.5, Q:0.0)",0.00012111927878226723,0.00018256300981782684,0.4084489817552175,213.683522,0.01716,0.015408992767333984,0.0,0,0,0,3338,-12.0,-8.716666666666674
22001.36646771431,19.99999999998181,3322,-16.0,-0.03554911303349911,-1.227184630309629,0.9993681968216863,-0.03554162603724415,-83,0.005778540772532189,-0.38665236051537316,NA,NA,0.0,NA,NA,NA,2701,-0.5475978,False,0.0," Step Response (State:idle, Speed:-0.5, Q:0.0)",0.0012637394374684966,3.339153345981691e-05,0.2998633785221081,213.703522,0.0171,0.015308856964111328,0.0,0,0,0,3322,-16.0,-20.066666666666674
22001.386626958847,20.000000000010232,3310,-12.0,-0.0539568824881268,-0.9203884727309138,0.9985446805455889,-0.05393070511413537,5,-0.001699570815450644,-0.37390557939895036,NA,NA,0.0,NA,NA,NA,829,-0.11293444,False,0.0," Step Response (State:idle, Speed:-0.5, Q:0.0)",0.0029113451678375248,2.888540956731567e-06,0.012754187822673124,213.723522,0.01795,0.016240835189819336,0.0,0,0,0,3310,-12.0,-27.950000000000017
22001.40699982643,20.000000000010232,3298,-12.0,-0.0723646519427545,-0.9203884727309138,0.9973828209763553,-0.07230151050460577,80,-0.008072961373390558,-0.31866952789683267,NA,NA,0.0,NA,NA,NA,845,-0.11681178,False,0.0," Step Response (State:idle, Speed:-0.5, Q:0.0)",0.005236642850796003,6.517270533625596e-05,0.013644992442437776,213.743522,0.01537,0.013594865798950195,0.0,0,0,0,3298,-12.0,-24.9
22001.427056074142,19.99999999998181,3286,-12.0,-0.0907724213973822,-0.9203884727322218,0.9958830117943089,-0.0906478175109383,138,-0.013001716738197425,-0.24643776824056748,NA,NA,0.0,NA,NA,NA,-913,0.2914877,False,0.0," Step Response (State:idle, Speed:-0.5, Q:0.0)",0.00823963248634393,0.00016904463814032308,0.08496507562904299,213.763522,0.01537,0.017516374588012695,0.0,0,0,0,3286,-12.0,-18.433333333333337
22001.44747018814,20.000000000010232,3283,-3.0,-0.09537436376103911,-0.23009711818272846,0.9954553119115228,-0.0952298376935125,175,-0.016145922746781116,-0.15721030042910414,NA,NA,0.0,NA,NA,NA,-3018,0.7803094,False,0.0," Step Response (State:idle, Speed:-0.5, Q:0.0)",0.00909626926282301,0.00026069082134502384,0.6088827271126753,213.783522,0.03778,0.015911340713500977,0.0,2,0,0,3283,-3.0,-12.26666666666666
22001.46763253212,19.99999999998181,3284,1.0,-0.09384038297315347,0.07669903939435181,0.9956002213944347,-0.09370271692620484,174,-0.016060944206008586,0.004248927038630382,NA,NA,0.0,NA,NA,NA,-3025,0.781926,False,0.0," Step Response (State:idle, Speed:-0.5, Q:0.0)",0.008806017476548113,0.00025795392878852076,0.6114082323757977,213.803522,0.01701,0.015243768692016602,0.0,0,0,0,3284,1.0,0.5000000000000284
22001.487954854965,20.000000000010232,3292,8.0,-0.08156853667006835,0.6135923151539425,0.9966751310070524,-0.0814781150498401,141,-0.013256652360515023,0.1402145922746064,NA,NA,0.0,NA,NA,NA,-4422,0.9341688,False,0.0," Step Response (State:idle, Speed:-0.5, Q:0.0)",0.006653426174496284,0.00017573883180754853,0.8726713760634084,213.823522,0.01795,0.016210556030273438,0.0,0,0,0,3292,8.0,10.233333333333324
22001.50809764862,20.000000000010232,3306,14.0,-0.06009280563966937,1.0737865515193994,0.9981949706385396,-0.06005664486070702,81,-0.00815793991416309,0.25493562231746625,NA,NA,0.0,NA,NA,NA,-2027,0.37820974,False,0.0," Step Response (State:idle, Speed:-0.5, Q:0.0)",0.003611145289647079,6.655198364309529e-05,0.14304260737298424,213.843522,0.01636,0.0145721435546875,0.0,1,0,0,3306,14.0,19.549999999999994
22001.528520345688,19.99999999998181,3322,16.0,-0.03554911303349911,1.227184630309629,0.9993681968216863,-0.03554162603724415,12,-0.0022944206008583693,0.2931759656655027,NA,NA,0.0,NA,NA,NA,-266,-0.030654982,False,0.0," Step Response (State:idle, Speed:-0.5, Q:0.0)",0.0012637394374684966,5.264365893643281e-06,0.0009397279050118446,213.863522,0.01672,0.015054702758789062,0.0,0,0,0,3322,16.0,25.733333333333338
22001.54853105545,20.000000000010232,3338,16.0,-0.011005420427328855,1.227184630307885,0.9999394409718514,-0.011005198267243443,-42,0.0022944206008583693,0.22944206008571955,NA,NA,0.0,NA,NA,NA,1139,-0.35714075,False,0.0," Step Response (State:idle, Speed:-0.5, Q:0.0)",0.00012111927878226723,5.264365893643281e-06,0.1275495150912187,213.883522,0.01487,0.013096332550048828,0.0,0,0,0,3338,16.0,27.28333333333335
22001.568873405457,20.000000000010232,3343,5.0,-0.003335516487900647,0.3834951969712141,0.999994437170037,-0.003335510302928,-67,0.004418884120171674,0.10622317596561091,NA,NA,0.0,NA,NA,NA,3124,-0.8178812,False,0.0," Step Response (State:idle, Speed:-0.5, Q:0.0)",1.1125670241057068e-05,1.9526536867505393e-05,0.6689297007259398,213.903522,0.01421,0.012535810470581055,0.0,0,0,0,3343,5.0,24.766666666666662
22001.589117527008,19.99999999998181,3342,-1.0,-0.004869497275786283,-0.07669903939435181,0.999988144021568,-0.004869478031552847,-52,0.003144206008583691,-0.06373390557945713,NA,NA,0.0,NA,NA,NA,-302,-0.022312231,False,0.0," Step Response (State:idle, Speed:-0.5, Q:0.0)",2.3712003718890033e-05,9.886031424413786e-06,0.0004978356683454366,213.923522,0.01845,0.01672196388244629,0.0,0,0,0,3342,-1.0,11.416666666666671
22001.60925245285,20.000000000010232,3335,-7.0,-0.015607362790985777,-0.5368932757596997,0.9998782075856676,-0.015606729166375732,-31,0.001359656652360515,-0.08922746781111315,NA,NA,0.0,NA,NA,NA,-752,0.25423798,False,0.0," Step Response (State:idle, Speed:-0.5, Q:0.0)",0.00024358977328944732,1.8486662123082027e-06,0.06463695029676675,213.943522,0.01503,0.013225793838500977,0.0,0,0,0,3335,-7.0,-5.000000000000018
22001.629637002945,20.000000000010232,3332,-3.0,-0.0202093051546427,-0.23009711818272846,0.9997957989426404,-0.020207929548755003,-24,0.0007648068669527898,-0.029742489270371052,NA,NA,0.0,NA,NA,NA,-2502,0.66046095,False,0.0," Step Response (State:idle, Speed:-0.5, Q:0.0)",0.00040841601483346794,5.849295437381422e-07,0.43620866508013023,213.963522,0.01447,0.012822151184082031,0.0,0,0,0,3332,-3.0,-19.466666666666704
22001.650098085403,19.99999999998181,3335,3.0,-0.015607362790985777,0.23009711818305545,0.9998782075856676,-0.015606729166375732,-41,0.002209442060085837,0.07223175965671806,NA,NA,0.0,NA,NA,NA,-1603,0.45180097,False,0.0," Step Response (State:idle, Speed:-0.5, Q:0.0)",0.00024358977328944732,4.881634216876348e-06,0.2041241185019027,213.983522,0.01525,0.013633012771606445,0.0,0,0,0,3335,3.0,-19.666666666666686
22001.670214653015,20.000000000010232,3342,7.0,-0.004869497275786283,0.5368932757596997,0.999988144021568,-0.004869478031552847,-72,0.004843776824034335,0.1317167381973575,NA,NA,0.0,NA,NA,NA,-1798,0.32503632,False,0.0," Step Response (State:idle, Speed:-0.5, Q:0.0)",2.3712003718890033e-05,2.3462173921052148e-05,0.10564860744047255,214.003522,0.01626,0.014544486999511719,0.0,0,0,0,3342,7.0,-10.833333333333329
22001.69051194191,20.000000000010232,3350,8.0,0.007402349027298832,0.6135923151539425,0.9999726027395416,0.007402281425813924,-107,0.007818025751072962,0.14871244635185527,NA,NA,0.0,NA,NA,NA,572,-0.22538881,False,0.0," Step Response (State:idle, Speed:-0.5, Q:0.0)",5.479477112195197e-05,6.112152664443994e-05,0.050800115690601055,214.023522,0.01642,0.014588594436645508,0.0,0,0,0,3350,8.0,2.9333333333333442
22001.71093058586,19.99999999998181,3356,6.0,0.016606233754612676,0.4601942363661109,0.9998621196688577,0.0166054705232605,-131,0.009857510729613734,0.10197424892713135,NA,NA,0.0,NA,NA,NA,1274,-0.38835776,False,0.0," Step Response (State:idle, Speed:-0.5, Q:0.0)",0.0002757669995128374,9.717051778444988e-05,0.15082174860425823,214.043522,0.01586,0.014108419418334961,0.0,0,0,0,3356,6.0,14.150000000000002
22001.730934381485,20.000000000010232,3358,2.0,0.019674195330383976,0.15339807878848563,0.9998064692617309,0.019672926126825727,-132,0.009942489270386266,0.004248927038624431,NA,NA,0.0,NA,NA,NA,1448,-0.428755,False,0.0," Step Response (State:idle, Speed:-0.5, Q:0.0)",0.0003870739618981026,9.885309289174602e-05,0.18383083744746287,214.063522,0.01591,0.01405644416809082,0.0,1,0,0,3358,2.0,17.83333333333333
22001.751291275024,19.99999999998181,3354,-4.0,0.013538272178841404,-0.30679615757740725,0.9999083589929191,0.013537858622682582,-118,0.008752789699570817,-0.05948497854082657,NA,NA,0.0,NA,NA,NA,1383,-0.4137156,False,0.0," Step Response (State:idle, Speed:-0.5, Q:0.0)",0.00018328481358839119,7.661132752491298e-05,0.17116059848382292,214.083522,0.01521,0.013548851013183594,0.0,1,0,0,3354,-4.0,12.983333333333347
22001.771720647812,20.000000000010232,3348,-6.0,0.0043343874515275604,-0.4601942363654569,0.9999906065574162,0.004334373879912507,-95,0.006798283261802576,-0.09772532188836205,NA,NA,0.0,NA,NA,NA,1002,-0.1531203,False,0.0," Step Response (State:idle, Speed:-0.5, Q:0.0)",1.878691457995958e-05,4.621665530770507e-05,0.023445824499966017,214.103522,0.01731,0.0156705379486084,0.0,0,0,0,3348,-6.0,-0.8333333333333395
22001.791912794113,20.000000000010232,3342,-6.0,-0.004869497275786283,-0.4601942363654569,0.999988144021568,-0.004869478031552847,-70,0.004673819742489271,-0.10622317596561091,NA,NA,0.0,NA,NA,NA,1609,-0.29422024,False,0.0," Step Response (State:idle, Speed:-0.5, Q:0.0)",2.3712003718890033e-05,2.1844590985282473e-05,0.08656554899251123,214.123522,0.01535,0.0136566162109375,0.0,0,0,0,3342,-6.0,-11.633333333333344
22001.81215238571,19.99999999998181,3334,-8.0,-0.017141343578871412,-0.6135923151548145,0.9998530907673503,-0.017140504163439426,-40,0.0021244635193133046,-0.12746781115891423,NA,NA,0.0,NA,NA,NA,425,-0.019267546,False,0.0," Step Response (State:idle, Speed:-0.5, Q:0.0)",0.0002938256596889162,4.513345244893072e-06,0.00037123832936298076,214.143522,0.01605,0.014355182647705078,0.0,0,0,0,3334,-8.0,-16.966666666666683
22001.832387447357,20.000000000010232,3328,-6.0,-0.02634522830618527,-0.4601942363654569,0.9996529845445593,-0.026342180835213322,-14,-8.49785407725322e-05,-0.11047210300423532,NA,NA,0.0,NA,NA,NA,-1895,0.51959485,False,0.0," Step Response (State:idle, Speed:-0.5, Q:0.0)",0.0006940710545050256,7.221352391828917e-09,0.26997880623023107,214.163522,0.01432,0.012649297714233398,0.0,0,0,0,3328,-6.0,-16.950000000000003
22001.852846860886,20.000000000010232,3324,-4.0,-0.03248115145772783,-0.30679615757697126,0.9994725337766163,-0.03247544035345184,-13,-0.0001699570815450644,-0.004248927038624436,NA,NA,0.0,NA,NA,NA,-1374,0.39851028,False,0.0," Step Response (State:idle, Speed:-0.5, Q:0.0)",0.0010550252000198546,2.8885409567315667e-08,0.1588104410908251,214.183522,0.01642,0.014791011810302734,0.0,0,0,0,3324,-4.0,-11.500000000000004
22001.87292575836,19.99999999998181,3328,4.0,-0.02634522830618527,0.30679615757740725,0.9996529845445593,-0.026342180835213322,-29,0.0011896995708154507,0.06798283261808759,NA,NA,0.0,NA,NA,NA,-2973,0.76972926,False,0.0," Step Response (State:idle, Speed:-0.5, Q:0.0)",0.0006940710545050256,1.4153850687984675e-06,0.592483128512086,214.203522,0.01831,0.016486644744873047,0.0,0,0,0,3328,4.0,-4.533333333333328
22001.8932659626,20.000000000010232,3330,2.0,-0.023277266730413984,0.15339807878848563,0.9997290966591009,-0.023275164729341526,-63,0.004078969957081545,0.14446351931323081,NA,NA,0.0,NA,NA,NA,-2937,0.589337,False,0.0," Step Response (State:idle, Speed:-0.5, Q:0.0)",0.0005418311464388377,1.6637995910773822e-05,0.347318089326464,214.223522,0.01406,0.012181282043457031,0.0,0,0,0,3330,2.0,7.000000000000012
22001.91338777542,20.000000000010232,3342,12.0,-0.004869497275786283,0.9203884727309138,0.999988144021568,-0.004869478031552847,-114,0.008412875536480686,0.21669527896984622,NA,NA,0.0,NA,NA,NA,-4706,1.0,False,0.0," Step Response (State:idle, Speed:-0.5, Q:0.0)",2.3712003718890033e-05,7.077647479231519e-05,1.0,214.243522,0.01471,0.012995481491088867,0.0,0,0,0,3342,12.0,10.53333333333332
22001.933677196503,19.99999999998181,3356,14.0,0.016606233754612676,1.0737865515209255,0.9998621196688577,0.0166054705232605,-189,0.014786266094420603,0.31866952789728564,NA,NA,0.0,NA,NA,NA,-2375,0.45896447,False,0.0," Step Response (State:idle, Speed:-0.5, Q:0.0)",0.0002757669995128374,0.0002186336650150123,0.21064838201324676,214.263522,0.01449,0.01288914680480957,0.0,1,0,0,3356,14.0,18.93333333333331
22001.954218387604,20.000000000010232,3374,18.0,0.044217887936554234,1.3805827090963707,0.9990225484699824,0.04420348005012359,-266,0.02132961373390558,0.32716738197408146,NA,NA,0.0,NA,NA,NA,-321,-0.017999023,False,0.0," Step Response (State:idle, Speed:-0.5, Q:0.0)",0.0019552216135696686,0.0004549524220376135,0.0003239648361210712,214.283522,0.01533,0.013712406158447266,0.0,0,0,0,3374,18.0,22.66666666666668
22001.974652290344,19.99999999998181,3386,12.0,0.06262565739118192,0.9203884727322218,0.9980396543457094,0.0625847293954109,-326,0.026428326180257512,0.2549356223178285,NA,NA,0.0,NA,NA,NA,2740,-0.72869205,False,0.0," Step Response (State:idle, Speed:-0.5, Q:0.0)",0.0039219729636776985,0.0006984564246900846,0.5309921106536422,214.303522,0.01472,0.012860774993896484,0.0,0,0,0,3386,12.0,26.26666666666666
22001.99484729767,20.000000000010232,3394,8.0,0.07489750369426706,0.6135923151539425,0.9971964928923992,0.07482749870935985,-343,0.02787296137339056,0.07223175965661542,NA,NA,0.0,NA,NA,NA,3880,-0.9932806,False,0.0," Step Response (State:idle, Speed:-0.5, Q:0.0)",0.005609636059632749,0.0007769019757225222,0.986606329637457,214.323522,0.01582,0.014032363891601562,0.0,0,0,0,3394,8.0,20.133333333333322
22002.015021324158,20.000000000010232,3388,-6.0,0.0656936189669532,-0.4601942363654569,0.9978429501372386,0.06564637736701488,-315,0.025493562231759657,-0.11896995708148425,NA,NA,0.0,NA,NA,NA,3908,-1.0,False,0.0," Step Response (State:idle, Speed:-0.5, Q:0.0)",0.004315651572975233,0.0006499217152646025,1.0,214.343522,0.01452,0.01262354850769043,0.0,0,0,0,3388,-6.0,9.866666666666658
22002.035331726074,19.99999999998181,3378,-10.0,0.050353811088096806,-0.7669903939435182,0.9987325146981536,0.050332535051419755,-256,0.02047982832618026,-0.25068669527919796,NA,NA,0.0,NA,NA,NA,3620,-0.76091504,False,0.0," Step Response (State:idle, Speed:-0.5, Q:0.0)",0.0025355062910957407,0.0004194233682698153,0.5789916995741464,214.363522,0.01543,0.013592243194580078,0.0,1,0,0,3378,-10.0,-9.133333333333352
22002.05535006523,20.000000000010232,3362,-16.0,0.025810118481926547,-1.227184630307885,0.9996669373820679,0.025807252956419377,-183,0.014276394849785408,-0.3101716738195838,NA,NA,0.0,NA,NA,NA,3761,-0.7936272,False,0.0," Step Response (State:idle, Speed:-0.5, Q:0.0)",0.0006661622160510863,0.00020381544990697933,0.6298441365651719,214.383522,0.01564,0.013963699340820312,0.0,2,0,0,3362,-16.0,-22.833333333333307
22002.075746536255,20.000000000010232,3344,-18.0,-0.0018015357000150112,-1.3805827090963707,0.9999983772349997,-0.0018015347255252122,-98,0.007053218884120172,-0.36115879828307706,NA,NA,0.0,NA,NA,NA,585,-0.056511268,False,0.0," Step Response (State:idle, Speed:-0.5, Q:0.0)",3.2455308784285763e-06,4.97478966273094e-05,0.003193523413191679,214.403522,0.01454,0.012835025787353516,0.0,1,0,0,3344,-18.0,-32.13333333333332
22002.095937252045,19.99999999998181,3328,-16.0,-0.02634522830618527,-1.227184630309629,0.9996529845445593,-0.026342180835213322,-27,0.0010197424892703863,-0.3016738197427637,NA,NA,0.0,NA,NA,NA,-881,0.28410003,False,0.0," Step Response (State:idle, Speed:-0.5, Q:0.0)",0.0006940710545050256,1.0398747444233639e-06,0.08071282471198149,214.423522,0.01592,0.01418304443359375,0.0,2,0,0,3328,-16.0,-36.13333333333333
22002.116262197495,20.000000000010232,3318,-10.0,-0.04168503618504167,-0.7669903939424282,0.9991313046801958,-0.04167296495390947,14,-0.0024643776824034335,-0.17420600858360186,NA,NA,0.0,NA,NA,NA,-3917,0.988908,False,0.0," Step Response (State:idle, Speed:-0.5, Q:0.0)",0.0017376422417482336,6.073157361528118e-06,0.9779390183024681,214.443522,0.01574,0.014008760452270508,0.0,0,0,0,3318,-10.0,-28.40000000000002
22002.13663339615,20.000000000010232,3318,0.0,-0.04168503618504167,0.0,0.9991313046801958,-0.04167296495390947,8,-0.0019545064377682404,0.02549356223174661,NA,NA,0.0,NA,NA,NA,-3955,0.99778986,False,0.0," Step Response (State:idle, Speed:-0.5, Q:0.0)",0.0017376422417482336,3.8200954152774965e-06,0.9955846042632857,214.463522,0.0157,0.013880729675292969,0.0,0,0,0,3318,0.0,-14.900000000000006
22002.156846046448,19.99999999998181,3330,12.0,-0.023277266730413984,0.9203884727322218,0.9997290966591009,-0.023275164729341526,-38,0.0019545064377682404,0.1954506437770018,NA,NA,0.0,NA,NA,NA,-4706,1.0,False,0.0," Step Response (State:idle, Speed:-0.5, Q:0.0)",0.0005418311464388377,3.8200954152774965e-06,1.0,214.483522,0.01518,0.013408184051513672,0.0,0,0,0,3330,12.0,4.9333333333333655
22002.177172660828,20.000000000010232,3346,16.0,0.0012664258757562885,1.227184630307885,0.9999991980828578,0.0012664255372333974,-112,0.008242918454935622,0.3144206008582083,NA,NA,0.0,NA,NA,NA,-3460,0.7107938,False,0.0," Step Response (State:idle, Speed:-0.5, Q:0.0)",1.6038344987850822e-06,6.794570465471827e-05,0.5052278164537007,214.503522,0.01518,0.01725316047668457,0.0,0,0,0,3346,16.0,24.900000000000006
22002.19748568535,20.000000000010232,3366,20.0,0.03194604163346909,1.5339807878848564,0.9994897686072266,0.03194060815752551,-202,0.01589098712446352,0.3824034334761993,NA,NA,0.0,NA,NA,NA,-2301,0.44176164,False,0.0," Step Response (State:idle, Speed:-0.5, Q:0.0)",0.0010205495760473404,0.0002525234717898654,0.19515334895611947,214.523522,0.03481,0.012993574142456055,0.0,2,0,0,3366,20.0,36.59999999999998
22002.21766114235,19.99999999998181,3388,22.0,0.0656936189669532,1.6873788666757399,0.9978429501372386,0.06564637736701488,-289,0.02328412017167382,0.3696566523608511,NA,NA,0.0,NA,NA,NA,-99,-0.06936582,False,0.0," Step Response (State:idle, Speed:-0.5, Q:0.0)",0.004315651572975233,0.0005421502521689476,0.004811617231044674,214.543522,0.01686,0.015051603317260742,0.0,2,0,0,3388,22.0,39.23333333333336
22002.23813343048,20.000000000010232,3406,18.0,0.09330527314889475,1.3805827090963707,0.9956502200950921,0.0931699480765917,-354,0.028807725321888415,0.27618025751058844,NA,NA,0.0,NA,NA,NA,2324,-0.6321821,False,0.0," Step Response (State:idle, Speed:-0.5, Q:0.0)",0.00870587399738986,0.000829885038221371,0.3996542344621048,214.563522,0.0139,0.01215219497680664,0.0,2,0,0,3406,18.0,37.96666666666667
22002.258281946182,19.99999999998181,3418,12.0,0.11171304260352244,0.9203884727322218,0.9937665847532319,0.11148082807325081,-375,0.03059227467811159,0.08922746781123994,NA,NA,0.0,NA,NA,NA,3581,-0.9240432,False,0.0," Step Response (State:idle, Speed:-0.5, Q:0.0)",0.01247980388773642,0.0009358872699810276,0.853855795840218,214.583522,0.01567,0.013992547988891602,0.0,0,0,0,3418,12.0,27.166666666666668
22002.278539657593,20.000000000010232,3415,-3.0,0.10711110023986553,-0.23009711818272846,0.9942690883749231,0.10690640720789094,-353,0.02872274678111588,-0.09347639484973766,NA,NA,0.0,NA,NA,NA,3885,-0.9945438,False,0.0," Step Response (State:idle, Speed:-0.5, Q:0.0)",0.011472787794594522,0.0008249961826521027,0.9891173518531673,214.603522,0.01524,0.0135650634765625,0.0,2,0,0,3415,-3.0,12.000000000000014
22002.298738718033,20.000000000010232,3410,-5.0,0.09944119630043732,-0.3834951969712141,0.995059797206905,0.09927738908005784,-301,0.024303862660944208,-0.2209442060084706,NA,NA,0.0,NA,NA,NA,2513,-0.50390965,False,0.0," Step Response (State:idle, Speed:-0.5, Q:0.0)",0.00988855152166211,0.0005906777402420381,0.25392493280805084,214.623522,0.01555,0.013960838317871094,0.0,0,0,0,3410,-5.0,-10.899999999999984
22002.319024801254,19.99999999998181,3398,-12.0,0.08103342684580961,-0.9203884727322218,0.9967185880495639,0.08094477275577212,-238,0.01895021459227468,-0.26768240343371985,NA,NA,0.0,NA,NA,NA,3885,-0.82238287,False,0.0," Step Response (State:idle, Speed:-0.5, Q:0.0)",0.006566416266375177,0.00035911063309326027,0.6763135804882303,214.643522,0.01857,0.017071247100830078,0.0,0,0,0,3398,-12.0,-23.23333333333335
22002.339509010315,20.000000000010232,3390,-8.0,0.06876158054272449,-0.6135923151539425,0.9976368538508947,0.06870740744991384,-164,0.012661802575107297,-0.31442060085820833,NA,NA,0.0,NA,NA,NA,2036,-0.39318362,False,0.0," Step Response (State:idle, Speed:-0.5, Q:0.0)",0.004728154958733587,0.00016032124445099376,0.15459335808004315,214.663522,0.01473,0.013109922409057617,0.0,0,0,0,3390,-8.0,-30.916666666666703
22002.3596739769,20.000000000010232,3380,-10.0,0.05342177266386808,-0.7669903939424282,0.9985733964314487,0.05339636634978749,-90,0.006373390557939914,-0.3144206008582083,NA,NA,0.0,NA,NA,NA,3527,-0.7393366,False,0.0," Step Response (State:idle, Speed:-0.5, Q:0.0)",0.0028538857945500026,4.0620107204037654e-05,0.5466186226502856,214.683522,0.01677,0.015070438385009766,0.0,2,0,0,3380,-10.0,-25.53333333333333
22002.38010787964,19.99999999998181,3370,-10.0,0.03808196478501166,-0.7669903939435182,0.9992749696075112,0.038072760812787446,-12,-0.00025493562231759657,-0.331416309013177,NA,NA,0.0,NA,NA,NA,3108,-0.64217156,False,0.0," Step Response (State:idle, Speed:-0.5, Q:0.0)",0.0014502360418868685,6.499217152646024e-08,0.41238431467931846,214.703522,0.01649,0.014873743057250977,0.0,1,0,0,3370,-10.0,-19.883333333333322
22002.400418519974,20.000000000010232,3362,-8.0,0.025810118481926547,-0.6135923151539425,0.9996669373820679,0.025807252956419377,71,-0.007308154506437768,-0.35266094420582816,NA,NA,0.0,NA,NA,NA,3923,-0.83131427,False,0.0," Step Response (State:idle, Speed:-0.5, Q:0.0)",0.0006661622160510863,5.340912228996666e-05,0.6910834084028785,214.723522,0.01631,0.014580011367797852,0.0,0,0,0,3362,-8.0,-12.033333333333363
22002.420488357544,20.000000000010232,3350,-12.0,0.007402349027298832,-0.9203884727309138,0.9999726027395416,0.007402281425813924,160,-0.014871244635193135,-0.37815450643757487,NA,NA,0.0,NA,NA,NA,4563,-0.97985417,False,0.0," Step Response (State:idle, Speed:-0.5, Q:0.0)",5.479477112195197e-05,0.00022115391699976058,0.9601141876225405,214.743522,0.01899,0.017283201217651367,0.0,2,0,0,3350,-12.0,-3.7499999999999645
22002.440654039383,19.99999999998181,3338,-12.0,-0.011005420427328855,-0.9203884727322218,0.9999394409718514,-0.011005198267243443,259,-0.02328412017167382,-0.42064377682441684,NA,NA,0.0,NA,NA,NA,3409,-0.7120163,False,0.0," Step Response (State:idle, Speed:-0.5, Q:0.0)",0.00012111927878226723,0.0005421502521689476,0.5069671893444685,214.763522,0.01627,0.014636516571044922,0.0,0,0,0,3338,-12.0,-3.8333333333333393
22002.461217403412,20.000000000010232,3326,-12.0,-0.029413189881956542,-0.9203884727309138,0.9995674633154116,-0.029408948998446725,360,-0.031866952789699574,-0.42914163090106816,NA,NA,0.0,NA,NA,NA,4034,-0.8571129,False,0.0," Step Response (State:idle, Speed:-0.5, Q:0.0)",0.0008651357390320307,0.0010155026801009414,0.7346424968127394,214.783522,0.01676,0.015269279479980469,0.0,0,0,0,3326,-12.0,-6.383333333333328
22002.481343746185,19.99999999998181,3310,-16.0,-0.0539568824881268,-1.227184630309629,0.9985446805455889,-0.05393070511413537,464,-0.04070472103004292,-0.4418884120175692,NA,NA,0.0,NA,NA,NA,3694,-0.77819246,False,0.0," Step Response (State:idle, Speed:-0.5, Q:0.0)",0.0029113451678375248,0.0016568743141336182,0.605583505636563,214.803522,0.0171,0.01538991928100586,0.0,0,0,0,3310,-16.0,-11.2
22002.50180029869,20.000000000010232,3296,-14.0,-0.07543261351852579,-1.0737865515193994,0.9971563091947491,-0.0753610976108099,569,-0.0496274678111588,-0.4461373390555659,NA,NA,0.0,NA,NA,NA,1238,-0.20810491,False,0.0," Step Response (State:idle, Speed:-0.5, Q:0.0)",0.00569007918223528,0.002462885561347603,0.04330765292778338,214.823522,0.0185,0.01686573028564453,0.0,1,0,0,3296,-14.0,-15.93333333333333
22002.521953344345,20.000000000010232,3280,-16.0,-0.09997630612469605,-1.227184630307885,0.9950065304392532,-0.09980984111418811,663,-0.05761545064377683,-0.39939914163069706,NA,NA,0.0,NA,NA,NA,1452,-0.25759172,False,0.0," Step Response (State:idle, Speed:-0.5, Q:0.0)",0.009995261786338937,0.003319540152885484,0.06635349647717703,214.843522,0.01646,0.014702081680297852,0.0,0,0,0,3280,-16.0,-17.533333333333335
22002.54205107689,19.99999999998181,3270,-10.0,-0.11531611400355245,-0.7669903939435182,0.9933584616457495,-0.11506070865760437,742,-0.06432875536480687,-0.33566523605180715,NA,NA,0.0,NA,NA,NA,820,-0.11084168,False,0.0," Step Response (State:idle, Speed:-0.5, Q:0.0)",0.013297806148880304,0.0041381887667851685,0.012285877269908818,214.863522,0.01646,0.01856255531311035,0.0,1,0,0,3270,-10.0,-17.366666666666678
22002.562418699265,20.000000000010232,3259,-11.0,-0.1321899026702945,-0.8436894333366709,0.9912756301839077,-0.13180525408152974,805,-0.0696824034334764,-0.2676824034333396,NA,NA,0.0,NA,NA,NA,868,-0.12219512,False,0.0," Step Response (State:idle, Speed:-0.5, Q:0.0)",0.017474170367981937,0.004855637348265763,0.0149316466615535,214.883522,0.03507,0.013451099395751953,0.0,0,0,0,3259,-11.0,-12.3
22002.582656145096,20.000000000010232,3252,-7.0,-0.142927768185494,-0.5368932757596997,0.9898032029278958,-0.1424416353236603,855,-0.07393133047210301,-0.21244635193122208,NA,NA,0.0,NA,NA,NA,-1637,0.45963445,False,0.0," Step Response (State:idle, Speed:-0.5, Q:0.0)",0.020428346918486308,0.005465841625375308,0.21126383043815,214.903522,0.03507,0.0183260440826416,0.0,1,0,0,3252,-7.0,-9.2
22002.603136777878,19.99999999998181,3246,-6.0,-0.15213165291280784,-0.4601942363661109,0.9884502814874937,-0.1515455081066229,882,-0.07622575107296138,-0.11472103004302275,NA,NA,0.0,NA,NA,NA,-2045,0.55431974,False,0.0," Step Response (State:idle, Speed:-0.5, Q:0.0)",0.023144039817983034,0.005810365126637073,0.30727037342388996,214.923522,0.0365,0.014890193939208984,0.0,2,0,0,3246,-6.0,-3.7666666666666595
22002.62326693535,20.000000000010232,3244,-2.0,-0.1551996144885791,-0.15339807878848563,0.9879806945857517,-0.15457731763054905,882,-0.07622575107296138,0.0,NA,NA,0.0,NA,NA,NA,-3943,0.994898,False,0.0," Step Response (State:idle, Speed:-0.5, Q:0.0)",0.024086920337403575,0.005810365126637073,0.9898220726297815,214.943522,0.01611,0.01433873176574707,0.0,0,0,0,3244,-2.0,-1.683333333333314
22002.643604278564,20.000000000010232,3246,2.0,-0.15213165291280784,0.15339807878848563,0.9884502814874937,-0.1515455081066229,868,-0.07503605150214593,0.05948497854074221,NA,NA,0.0,NA,NA,NA,-4073,0.9456676,False,0.0," Step Response (State:idle, Speed:-0.5, Q:0.0)",0.023144039817983034,0.005630409025032696,0.8942872559774884,214.963522,0.0175,0.01595282554626465,0.0,0,0,0,3246,2.0,2.633333333333338
22002.66374063492,19.99999999998181,3250,4.0,-0.14599572976126526,0.30679615757740725,0.9893615399471216,-0.1454776383966282,848,-0.07333648068669528,0.08497854077260973,NA,NA,0.0,NA,NA,NA,-4568,0.967902,False,0.0," Step Response (State:idle, Speed:-0.5, Q:0.0)",0.021314753108524397,0.00537823939951003,0.9368342907386342,214.983522,0.01489,0.012995243072509766,0.0,0,0,0,3250,4.0,6.883333333333342
22002.684077978134,20.000000000010232,3250,0.0,-0.14599572976126526,0.0,0.9893615399471216,-0.1454776383966282,825,-0.07138197424892705,0.09772532188836165,NA,NA,0.0,NA,NA,NA,-4252,0.89453244,False,0.0," Step Response (State:idle, Speed:-0.5, Q:0.0)",0.021314753108524397,0.005095386247674484,0.8001882899566795,215.003522,0.01536,0.013646125793457031,0.0,0,0,0,3250,0.0,8.499999999999998
22002.7043735981,20.000000000010232,3250,0.0,-0.14599572976126526,0.0,0.9893615399471216,-0.1454776383966282,795,-0.06883261802575108,0.12746781115873312,NA,NA,0.0,NA,NA,NA,-4706,0.99999964,False,0.0," Step Response (State:idle, Speed:-0.5, Q:0.0)",0.021314753108524397,0.004737929304278953,0.9999992847443906,215.023522,0.01435,0.012501239776611328,0.0,2,0,0,3250,0.0,5.049999999999994
22002.72461915016,19.99999999998181,3254,4.0,-0.13985980660972272,0.30679615757740725,0.9902355495039599,-0.13940429153577216,735,-0.06373390557939915,0.2549356223178285,NA,NA,0.0,NA,NA,NA,-4706,1.0,False,0.0," Step Response (State:idle, Speed:-0.5, Q:0.0)",0.01956076550490904,0.004062010720403766,1.0,215.043522,0.01653,0.0147247314453125,0.0,0,0,0,3254,4.0,0.9000000000000092
22002.74504160881,20.000000000010232,3266,12.0,-0.12145203715509502,0.9203884727309138,0.9926337627174602,-0.12115367560820005,651,-0.056595708154506444,0.35690987124445256,NA,NA,0.0,NA,NA,NA,-4698,0.998113,False,0.0," Step Response (State:idle, Speed:-0.5, Q:0.0)",0.01475059732912258,0.003203074181510067,0.9962295139596087,215.063522,0.01447,0.01266336441040039,0.0,0,0,0,3266,12.0,2.716666666666665
22002.765258550644,19.99999999998181,3276,10.0,-0.1061122292762386,0.7669903939435182,0.9943753780505806,-0.10591320751806618,550,-0.04801287553648069,0.429141630901678,NA,NA,0.0,NA,NA,NA,-4161,0.873588,False,0.0," Step Response (State:idle, Speed:-0.5, Q:0.0)",0.01125980520197303,0.002305236217281586,0.7631560384191438,215.083522,0.01554,0.013652801513671875,0.0,0,0,0,3276,10.0,9.333333333333329
22002.7854282856,20.000000000010232,3287,11.0,-0.08923844060949655,0.8436894333366709,0.996020892045838,-0.0891200460514528,443,-0.038920171673819746,0.4546351931328146,NA,NA,0.0,NA,NA,NA,-4706,1.0,False,0.0," Step Response (State:idle, Speed:-0.5, Q:0.0)",0.007963499282414643,0.0015147797631196009,1.0,215.103522,0.01718,0.015402078628540039,0.0,0,0,0,3287,11.0,12.166666666666671
22002.805768489838,20.000000000010232,3300,13.0,-0.06929669036698322,0.9970875121251568,0.9975999450109996,-0.06924124286904891,330,-0.029317596566523607,0.48012875536456134,NA,NA,0.0,NA,NA,NA,-4688,0.9958208,False,0.0," Step Response (State:idle, Speed:-0.5, Q:0.0)",0.004802031295817544,0.0008595214684374368,0.991659106205848,215.123522,0.01443,0.012647390365600586,0.0,0,0,0,3300,13.0,13.733333333333333
22002.826081752777,19.99999999998181,3310,10.0,-0.0539568824881268,0.7669903939435182,0.9985446805455889,-0.05393070511413537,213,-0.01937510729613734,0.4971244635197655,NA,NA,0.0,NA,NA,NA,-4705,0.9998174,False,0.0," Step Response (State:idle, Speed:-0.5, Q:0.0)",0.0029113451678375248,0.00037539478273683436,0.9996347760900335,215.143522,0.01581,0.014044523239135742,0.0,0,0,0,3310,10.0,16.5
22002.846343040466,20.000000000010232,3327,17.0,-0.027879209094070906,1.303883669702128,0.999611400021077,-0.02787559771381707,92,-0.009092703862660945,0.5141201716735567,NA,NA,0.0,NA,NA,NA,-4706,1.0,False,0.0," Step Response (State:idle, Speed:-0.5, Q:0.0)",0.0007772502997109259,8.267726353404927e-05,1.0,215.163522,0.01516,0.013349056243896484,0.0,2,0,0,3327,17.0,14.28333333333333
